1   -3.00000   -74.080   29.170   942.6   41.280   1.000   1013.0   0.0621   0.0289
2   -2.97917   -74.100   29.200   942.6   41.330   1.000   1013.0   0.0636   0.0282
3   -2.95833   -74.120   29.230   942.6   41.380   1.000   1013.0   0.0660   0.0276
4   -2.93750   -74.145   29.265   942.6   41.430   1.000   1013.0   0.0660   0.0272
5   -2.91667   -74.170   29.300   942.6   41.480   1.000   1013.0   0.0648   0.0270
6   -2.89583   -74.190   29.330   942.6   41.530   1.000   1013.0   0.0659   0.0283
7   -2.87500   -74.210   29.360   942.6   41.580   1.000   1013.0   0.0686   0.0302
8   -2.85417   -74.235   29.395   942.6   41.630   1.000   1013.0   0.0721   0.0306
9   -2.83333   -74.260   29.430   942.6   41.680   1.000   1013.0   0.0730   0.0289
10   -2.81250   -74.280   29.465   942.6   41.730   1.000   1013.0   0.0744   0.0284
11   -2.79167   -74.300   29.500   942.6   41.780   1.000   1013.0   0.0778   0.0295
12   -2.77083   -74.325   29.530   942.6   41.830   1.000   1013.0   0.0805   0.0312
13   -2.75000   -74.350   29.560   942.6   41.880   1.000   1013.0   0.0821   0.0335
14   -2.72917   -74.370   29.595   942.6   41.930   1.000   1013.0   0.0823   0.0340
15   -2.70833   -74.390   29.630   942.6   41.980   1.000   1013.0   0.0820   0.0334
16   -2.68750   -74.415   29.660   942.6   42.035   0.995   1013.0   0.0826   0.0329
17   -2.66667   -74.440   29.690   942.6   42.090   0.990   1013.0   0.0856   0.0328
18   -2.64583   -74.465   29.725   942.6   42.140   0.990   1013.0   0.0889   0.0332
19   -2.62500   -74.490   29.760   942.6   42.190   0.990   1013.0   0.0898   0.0340
20   -2.60417   -74.510   29.795   942.6   42.240   0.990   1013.0   0.0904   0.0355
21   -2.58333   -74.530   29.830   942.6   42.290   0.990   1013.0   0.0940   0.0380
22   -2.56250   -74.555   29.860   942.6   42.340   0.990   1013.0   0.0986   0.0398
23   -2.54167   -74.580   29.890   942.6   42.390   0.990   1013.0   0.1007   0.0390
24   -2.52083   -74.600   29.925   942.6   42.445   0.990   1013.0   0.1018   0.0374
25   -2.50000   -74.620   29.960   942.6   42.500   0.990   1013.0   0.1043   0.0362
26   -2.47917   -74.645   29.990   942.6   42.550   0.990   1013.0   0.1067   0.0360
27   -2.45833   -74.670   30.020   942.6   42.600   0.990   1013.0   0.1078   0.0376
28   -2.43750   -74.690   30.055   942.6   42.655   0.990   1013.0   0.1079   0.0396
29   -2.41667   -74.710   30.090   942.6   42.710   0.990   1013.0   0.1084   0.0401
30   -2.39583   -74.735   30.125   942.6   42.760   0.985   1013.0   0.1107   0.0400
31   -2.37500   -74.760   30.160   942.6   42.810   0.980   1013.0   0.1138   0.0413
32   -2.35417   -74.780   30.190   942.6   42.865   0.980   1013.0   0.1165   0.0436
33   -2.33333   -74.800   30.220   942.6   42.920   0.980   1013.0   0.1194   0.0445
34   -2.31250   -74.825   30.255   942.6   42.970   0.980   1013.0   0.1229   0.0443
35   -2.29167   -74.850   30.290   942.6   43.020   0.980   1013.0   0.1281   0.0449
36   -2.27083   -74.870   30.320   942.6   43.075   0.980   1013.0   0.1334   0.0464
37   -2.25000   -74.890   30.350   942.6   43.130   0.980   1013.0   0.1362   0.0479
38   -2.22917   -74.915   30.385   942.6   43.185   0.980   1013.0   0.1392   0.0491
39   -2.20833   -74.940   30.420   942.6   43.240   0.980   1013.0   0.1439   0.0499
40   -2.18750   -74.965   30.450   942.6   43.290   0.980   1013.0   0.1461   0.0498
41   -2.16667   -74.990   30.480   942.6   43.340   0.980   1013.0   0.1455   0.0496
42   -2.14583   -75.015   30.520   942.6   43.405   0.975   1013.0   0.1478   0.0511
43   -2.12500   -75.040   30.560   942.6   43.470   0.970   1013.0   0.1512   0.0519
44   -2.10417   -75.060   30.590   942.6   43.520   0.970   1013.0   0.1527   0.0515
45   -2.08333   -75.080   30.620   942.6   43.570   0.970   1013.0   0.1542   0.0524
46   -2.06250   -75.105   30.655   942.6   43.625   0.970   1013.0   0.1561   0.0552
47   -2.04167   -75.130   30.690   942.6   43.680   0.970   1013.0   0.1619   0.0571
48   -2.02083   -75.150   30.725   942.6   43.735   0.970   1013.0   0.1686   0.0573
49   -2.00000   -75.170   30.760   942.6   43.790   0.970   1013.0   0.1713   0.0572
50   -1.97917   -75.195   30.790   942.6   43.845   0.970   1013.0   0.1739   0.0575
51   -1.95833   -75.220   30.820   942.6   43.900   0.970   1013.0   0.1810   0.0591
52   -1.93750   -75.245   30.860   942.6   43.965   0.970   1013.0   0.1881   0.0625
53   -1.91667   -75.270   30.900   942.6   44.030   0.970   1013.0   0.1923   0.0644
54   -1.89583   -75.295   30.930   942.6   44.085   0.970   1013.0   0.1956   0.0636
55   -1.87500   -75.320   30.960   942.6   44.140   0.970   1013.0   0.1973   0.0642
56   -1.85417   -75.340   30.995   942.6   44.195   0.965   1013.0   0.2007   0.0673
57   -1.83333   -75.360   31.030   942.6   44.250   0.960   1013.0   0.2075   0.0684
58   -1.81250   -75.385   31.065   942.6   44.315   0.960   1013.0   0.2103   0.0672
59   -1.79167   -75.410   31.100   942.6   44.380   0.960   1013.0   0.2102   0.0686
60   -1.77083   -75.435   31.135   942.6   44.435   0.960   1013.0   0.2158   0.0715
61   -1.75000   -75.460   31.170   942.6   44.490   0.960   1013.0   0.2220   0.0725
62   -1.72917   -75.480   31.200   942.6   44.545   0.960   1013.0   0.2266   0.0736
63   -1.70833   -75.500   31.230   942.6   44.600   0.960   1013.0   0.2341   0.0752
64   -1.68750   -75.530   31.270   942.6   44.665   0.960   1013.0   0.2403   0.0765
65   -1.66667   -75.560   31.310   942.6   44.730   0.960   1013.0   0.2453   0.0774
66   -1.64583   -75.580   31.340   942.6   44.790   0.960   1013.0   0.2531   0.0790
67   -1.62500   -75.600   31.370   942.6   44.850   0.960   1013.0   0.2592   0.0805
68   -1.60417   -75.625   31.410   942.6   44.910   0.955   1013.0   0.2633   0.0814
69   -1.58333   -75.650   31.450   942.6   44.970   0.950   1013.0   0.2718   0.0833
70   -1.56250   -75.675   31.480   942.6   45.030   0.950   1013.0   0.2784   0.0850
71   -1.54167   -75.700   31.510   942.6   45.090   0.950   1013.0   0.2797   0.0868
72   -1.52083   -75.725   31.550   942.6   45.155   0.950   1013.0   0.2859   0.0889
73   -1.50000   -75.750   31.590   942.6   45.220   0.950   1013.0   0.2955   0.0908
74   -1.47917   -75.770   31.620   942.6   45.280   0.950   1013.0   0.3016   0.0911
75   -1.45833   -75.790   31.650   942.6   45.340   0.950   1013.0   0.3078   0.0930
76   -1.43750   -75.820   31.690   942.6   45.405   0.950   1013.0   0.3172   0.0963
77   -1.41667   -75.850   31.730   942.6   45.470   0.950   1013.0   0.3277   0.0994
78   -1.39583   -75.870   31.760   942.6   45.530   0.950   1013.0   0.3342   0.0988
79   -1.37500   -75.890   31.790   942.6   45.590   0.950   1013.0   0.3375   0.0970
80   -1.35417   -75.915   31.830   942.6   45.655   0.950   1013.0   0.3435   0.0977
81   -1.33333   -75.940   31.870   942.6   45.720   0.950   1013.0   0.3539   0.1009
82   -1.31250   -75.965   31.900   942.6   45.780   0.945   1013.0   0.3618   0.1032
83   -1.29167   -75.990   31.930   942.6   45.840   0.940   1013.0   0.3642   0.1053
84   -1.27083   -76.015   31.970   942.6   45.910   0.940   1013.0   0.3705   0.1080
85   -1.25000   -76.040   32.010   942.6   45.980   0.940   1013.0   0.3823   0.1099
86   -1.22917   -76.065   32.045   942.6   46.045   0.940   1013.0   0.3912   0.1109
87   -1.20833   -76.090   32.080   942.6   46.110   0.940   1013.0   0.3973   0.1136
88   -1.18750   -76.115   32.115   942.6   46.170   0.940   1013.0   0.4097   0.1178
89   -1.16667   -76.140   32.150   942.6   46.230   0.940   1013.0   0.4250   0.1206
90   -1.14583   -76.165   32.185   942.6   46.300   0.940   1013.0   0.4344   0.1223
91   -1.12500   -76.190   32.220   942.6   46.370   0.940   1013.0   0.4428   0.1235
92   -1.10417   -76.215   32.255   942.6   46.435   0.940   1013.0   0.4533   0.1243
93   -1.08333   -76.240   32.290   942.6   46.500   0.940   1013.0   0.4625   0.1248
94   -1.06250   -76.270   32.325   942.6   46.570   0.935   1013.0   0.4724   0.1260
95   -1.04167   -76.300   32.360   942.6   46.640   0.930   1013.0   0.4830   0.1285
96   -1.02083   -76.325   32.395   942.6   46.705   0.930   1013.0   0.4923   0.1314
97   -1.00000   -76.350   32.430   942.6   46.770   0.930   1013.0   0.5043   0.1336
98   -0.97917   -76.375   32.470   942.6   46.835   0.930   1013.0   0.5181   0.1357
99   -0.95833   -76.400   32.510   942.6   46.900   0.930   1013.0   0.5308   0.1389
100   -0.93750   -76.430   32.545   942.7   47.010   0.930   1013.0   0.5458   0.1418
101   -0.91667   -76.460   32.580   942.9   47.120   0.930   1013.0   0.5635   0.1436
102   -0.89583   -76.485   32.610   943.0   47.220   0.930   1013.0   0.5813   0.1467
103   -0.87500   -76.510   32.640   943.1   47.320   0.930   1013.0   0.5979   0.1484
104   -0.85417   -76.535   32.675   943.3   47.430   0.925   1013.0   0.6125   0.1481
105   -0.83333   -76.560   32.710   943.4   47.540   0.920   1013.0   0.6280   0.1483
106   -0.81250   -76.590   32.750   943.5   47.660   0.920   1013.0   0.6445   0.1502
107   -0.79167   -76.620   32.790   943.7   47.780   0.920   1013.0   0.6645   0.1539
108   -0.77083   -76.650   32.825   943.8   47.890   0.920   1013.0   0.6879   0.1580
109   -0.75000   -76.680   32.860   943.9   48.000   0.920   1013.0   0.7104   0.1604
110   -0.72917   -76.705   32.895   944.1   48.110   0.920   1013.0   0.7378   0.1610
111   -0.70833   -76.730   32.930   944.2   48.220   0.920   1013.0   0.7637   0.1615
112   -0.68750   -76.760   32.970   944.3   48.330   0.920   1013.0   0.7867   0.1622
113   -0.66667   -76.790   33.010   944.5   48.440   0.920   1013.0   0.8146   0.1628
114   -0.64583   -76.815   33.045   944.6   48.555   0.915   1013.0   0.8445   0.1658
115   -0.62500   -76.840   33.080   944.7   48.670   0.910   1013.0   0.8740   0.1699
116   -0.60417   -76.870   33.115   944.9   48.780   0.910   1013.0   0.9132   0.1723
117   -0.58333   -76.900   33.150   945.0   48.890   0.910   1013.0   0.9511   0.1733
118   -0.56250   -76.925   33.185   945.1   49.005   0.910   1013.0   0.9807   0.1742
119   -0.54167   -76.950   33.220   945.3   49.120   0.910   1013.0   1.0174   0.1744
120   -0.52083   -76.980   33.260   945.4   49.240   0.910   1013.0   1.0607   0.1749
121   -0.50000   -77.010   33.300   945.5   49.360   0.910   1013.0   1.1022   0.1776
122   -0.47917   -77.040   33.335   945.7   49.475   0.905   1013.0   1.1456   0.1816
123   -0.45833   -77.070   33.370   945.8   49.590   0.900   1013.0   1.1949   0.1852
124   -0.43750   -77.095   33.405   945.9   49.705   0.900   1013.0   1.2482   0.1860
125   -0.41667   -77.120   33.440   946.1   49.820   0.900   1013.0   1.2945   0.1844
126   -0.39583   -77.150   33.480   946.2   49.940   0.900   1013.0   1.3297   0.1835
127   -0.37500   -77.180   33.520   946.3   50.060   0.900   1013.0   1.3698   0.1849
128   -0.35417   -77.210   33.555   946.5   50.175   0.900   1013.0   1.4180   0.1879
129   -0.33333   -77.240   33.590   946.6   50.290   0.900   1013.0   1.4676   0.1892
130   -0.31250   -77.270   33.630   946.7   50.415   0.900   1013.0   1.5039   0.1888
131   -0.29167   -77.300   33.670   946.9   50.540   0.900   1013.0   1.5307   0.1886
132   -0.27083   -77.325   33.705   947.0   50.655   0.895   1013.0   1.5515   0.1892
133   -0.25000   -77.350   33.740   947.1   50.770   0.890   1013.0   1.5655   0.1906
134   -0.22917   -77.380   33.780   947.3   50.900   0.890   1013.0   1.5633   0.1922
135   -0.20833   -77.410   33.820   947.4   51.030   0.890   1013.0   1.5466   0.1930
136   -0.18750   -77.440   33.855   947.5   51.145   0.890   1013.0   1.5305   0.1935
137   -0.16667   -77.470   33.890   947.7   51.260   0.890   1013.0   1.5057   0.1934
138   -0.14583   -77.500   33.930   947.8   51.390   0.890   1013.0   1.4661   0.1913
139   -0.12500   -77.530   33.970   947.9   51.520   0.890   1013.0   1.4153   0.1874
140   -0.10417   -77.555   34.010   948.1   51.640   0.885   1013.0   1.3597   0.1844
141   -0.08333   -77.580   34.050   948.2   51.760   0.880   1013.0   1.2936   0.1850
142   -0.06250   -77.605   34.090   948.3   51.895   0.880   1013.0   1.2227   0.1879
143   -0.04167   -77.630   34.130   948.5   52.030   0.880   1013.0   1.1466   0.1901
144   -0.02083   -77.660   34.175   948.6   52.160   0.880   1013.0   1.0775   0.1901
145   0.00000   -77.690   34.220   948.7   52.290   0.880   1013.0   1.0126   0.1882
146   0.02083   -77.715   34.255   948.9   52.415   0.880   1013.0   0.9307   0.1851
147   0.04167   -77.740   34.290   949.0   52.540   0.880   1013.0   0.8334   0.1813
148   0.06250   -77.765   34.335   950.9   53.210   0.875   1013.0   0.7197   0.1767
149   0.08333   -77.790   34.380   952.8   53.880   0.870   1013.0   0.5802   0.1718
150   0.10417   -77.820   34.420   954.5   54.495   0.865   1013.0   0.4483   0.1669
151   0.12500   -77.850   34.460   956.3   55.110   0.860   1013.0   0.3373   0.1593
152   0.14583   -77.870   34.500   957.9   55.665   0.855   1013.0   0.2360   0.1489
153   0.16667   -77.890   34.540   959.6   56.220   0.850   1013.0   0.1436   0.1377
154   0.18750   -77.920   34.580   961.2   56.745   0.845   1013.0   0.0714   0.1269
155   0.20833   -77.950   34.620   962.7   57.270   0.840   1013.0   0.0168   0.1180
156   0.22917   -77.975   34.660   964.2   57.760   0.835   1013.0   -0.0239   0.1111
157   0.25000   -78.000   34.700   965.7   58.250   0.830   1013.0   -0.0531   0.1043
158   0.27083   -78.030   34.745   967.1   58.700   0.830   1013.0   -0.0666   0.0960
159   0.29167   -78.060   34.790   968.5   59.150   0.830   1013.0   -0.0646   0.0887
160   0.31250   -78.085   34.830   969.8   59.565   0.825   1013.0   -0.0515   0.0857
161   0.33333   -78.110   34.870   971.1   59.980   0.820   1013.0   -0.0422   0.0819
162   0.35417   -78.140   34.915   972.3   60.370   0.815   1013.0   -0.0477   0.0756
163   0.37500   -78.170   34.960   973.5   60.760   0.810   1013.0   -0.0636   0.0675
164   0.39583   -78.195   35.000   974.7   61.120   0.805   1013.0   -0.0859   0.0603
165   0.41667   -78.220   35.040   975.8   61.480   0.800   1013.0   -0.1088   0.0538
166   0.43750   -78.245   35.080   976.9   61.815   0.800   1013.0   -0.1263   0.0485
167   0.45833   -78.270   35.120   978.0   62.150   0.800   1013.0   -0.1352   0.0433
168   0.47917   -78.300   35.165   979.0   62.465   0.795   1013.0   -0.1328   0.0382
169   0.50000   -78.330   35.210   980.1   62.780   0.790   1013.0   -0.1225   0.0356
170   0.52083   -78.360   35.255   981.0   63.085   0.785   1013.0   -0.1096   0.0325
171   0.54167   -78.390   35.300   982.0   63.390   0.780   1013.0   -0.0981   0.0269
172   0.56250   -78.415   35.340   982.9   63.670   0.775   1013.0   -0.0905   0.0207
173   0.58333   -78.440   35.380   983.8   63.950   0.770   1013.0   -0.0841   0.0153
174   0.60417   -78.470   35.425   984.7   64.210   0.765   1013.0   -0.0811   0.0121
175   0.62500   -78.500   35.470   985.5   64.470   0.760   1013.0   -0.0852   0.0104
176   0.64583   -78.530   35.515   986.3   64.730   0.760   1013.0   -0.0940   0.0082
177   0.66667   -78.560   35.560   987.1   64.990   0.760   1013.0   -0.1024   0.0047
178   0.68750   -78.585   35.605   987.9   65.225   0.755   1013.0   -0.1073   0.0008
179   0.70833   -78.610   35.650   988.6   65.460   0.750   1013.0   -0.1083   -0.0024
180   0.72917   -78.640   35.695   989.4   65.700   0.745   1013.0   -0.1056   -0.0057
181   0.75000   -78.670   35.740   990.1   65.940   0.740   1013.0   -0.1005   -0.0061
182   0.77083   -78.695   35.780   990.7   66.150   0.740   1013.0   -0.0919   -0.0068
183   0.79167   -78.720   35.820   991.4   66.360   0.740   1013.0   -0.0811   -0.0079
184   0.81250   -78.750   35.865   992.0   66.580   0.735   1013.0   -0.0739   -0.0093
185   0.83333   -78.780   35.910   992.7   66.800   0.730   1013.0   -0.0728   -0.0106
186   0.85417   -78.810   35.960   993.3   67.010   0.725   1013.0   -0.0748   -0.0122
187   0.87500   -78.840   36.010   993.9   67.220   0.720   1013.0   -0.0773   -0.0141
188   0.89583   -78.870   36.050   994.4   67.410   0.715   1013.0   -0.0799   -0.0153
189   0.91667   -78.900   36.090   995.0   67.600   0.710   1013.0   -0.0825   -0.0165
190   0.93750   -78.930   36.135   995.5   67.800   0.710   1013.0   -0.0863   -0.0176
191   0.95833   -78.960   36.180   996.0   68.000   0.710   1013.0   -0.0903   -0.0178
192   0.97917   -78.990   36.230   996.5   68.195   0.705   1013.0   -0.0905   -0.0175
193   1.00000   -79.020   36.280   997.0   68.390   0.700   1013.0   -0.0863   -0.0171
