1   -3.00000   -63.140   19.010   942.6   52.130   1.610   1013.0   0.0011   0.0009
2   -2.97917   -63.260   19.085   942.6   52.225   1.610   1013.0   0.0013   0.0010
3   -2.95833   -63.380   19.160   942.6   52.320   1.610   1013.0   0.0010   0.0009
4   -2.93750   -63.505   19.235   942.6   52.415   1.610   1013.0   0.0012   0.0009
5   -2.91667   -63.630   19.310   942.6   52.510   1.610   1013.0   0.0016   0.0006
6   -2.89583   -63.755   19.385   942.6   52.605   1.605   1013.0   0.0009   0.0004
7   -2.87500   -63.880   19.460   942.6   52.700   1.600   1013.0   0.0006   0.0004
8   -2.85417   -64.005   19.535   942.6   52.800   1.600   1013.0   0.0010   0.0007
9   -2.83333   -64.130   19.610   942.6   52.900   1.600   1013.0   0.0007   0.0007
10   -2.81250   -64.245   19.685   942.6   52.995   1.600   1013.0   0.0003   0.0006
11   -2.79167   -64.360   19.760   942.6   53.090   1.600   1013.0   0.0005   0.0006
12   -2.77083   -64.480   19.845   942.6   53.200   1.595   1013.0   0.0009   0.0005
13   -2.75000   -64.600   19.930   942.6   53.310   1.590   1013.0   0.0013   0.0008
14   -2.72917   -64.710   20.025   942.6   53.440   1.590   1013.0   0.0013   0.0009
15   -2.70833   -64.820   20.120   942.6   53.570   1.590   1013.0   0.0017   0.0013
16   -2.68750   -64.925   20.215   942.6   53.690   1.590   1013.0   0.0026   0.0016
17   -2.66667   -65.030   20.310   942.6   53.810   1.590   1013.0   0.0026   0.0018
18   -2.64583   -65.140   20.405   942.6   53.940   1.585   1013.0   0.0031   0.0013
19   -2.62500   -65.250   20.500   942.6   54.070   1.580   1013.0   0.0023   0.0005
20   -2.60417   -65.355   20.590   942.6   54.195   1.580   1013.0   0.0011   0.0001
21   -2.58333   -65.460   20.680   942.6   54.320   1.580   1013.0   0.0008   -0.0003
22   -2.56250   -65.570   20.775   942.6   54.455   1.580   1013.0   -0.0001   0.0010
23   -2.54167   -65.680   20.870   942.6   54.590   1.580   1013.0   0.0005   0.0013
24   -2.52083   -65.785   20.960   942.6   54.720   1.575   1013.0   0.0021   -0.0005
25   -2.50000   -65.890   21.050   942.6   54.850   1.570   1013.0   -0.0023   -0.0006
26   -2.47917   -65.995   21.145   942.6   54.985   1.570   1013.0   -0.0046   0.0017
27   -2.45833   -66.100   21.240   942.6   55.120   1.570   1013.0   0.0045   0.0037
28   -2.43750   -66.200   21.340   942.6   55.265   1.565   1013.0   0.0086   0.0009
29   -2.41667   -66.300   21.440   942.6   55.410   1.560   1013.0   0.0032   -0.0016
30   -2.39583   -66.405   21.540   942.6   55.555   1.560   1013.0   0.0102   0.0003
31   -2.37500   -66.510   21.640   942.6   55.700   1.560   1013.0   0.0368   0.0047
32   -2.35417   -66.600   21.735   942.6   55.850   1.555   1013.0   0.0476   0.0043
33   -2.33333   -66.690   21.830   942.6   56.000   1.550   1013.0   0.0425   0.0035
34   -2.31250   -66.780   21.940   942.6   56.165   1.550   1013.0   0.0412   0.0091
35   -2.29167   -66.870   22.050   942.6   56.330   1.550   1013.0   0.0456   0.0103
36   -2.27083   -66.960   22.155   942.6   56.495   1.550   1013.0   0.0459   0.0105
37   -2.25000   -67.050   22.260   942.6   56.660   1.550   1013.0   0.0403   0.0081
38   -2.22917   -67.140   22.370   942.6   56.830   1.545   1013.0   0.0248   0.0072
39   -2.20833   -67.230   22.480   942.6   57.000   1.540   1013.0   0.0192   0.0065
40   -2.18750   -67.320   22.590   942.6   57.175   1.540   1013.0   0.0297   0.0045
41   -2.16667   -67.410   22.700   942.6   57.350   1.540   1013.0   0.0314   0.0007
42   -2.14583   -67.495   22.800   942.6   57.520   1.535   1013.0   0.0151   -0.0014
43   -2.12500   -67.580   22.900   942.6   57.690   1.530   1013.0   0.0243   -0.0033
44   -2.10417   -67.665   23.010   942.6   57.870   1.530   1013.0   0.0382   -0.0051
45   -2.08333   -67.750   23.120   942.6   58.050   1.530   1013.0   0.0348   -0.0043
46   -2.06250   -67.840   23.225   942.6   58.225   1.525   1013.0   0.0371   -0.0069
47   -2.04167   -67.930   23.330   942.6   58.400   1.520   1013.0   0.0364   -0.0055
48   -2.02083   -68.015   23.440   942.6   58.580   1.520   1013.0   0.0324   -0.0080
49   -2.00000   -68.100   23.550   942.6   58.760   1.520   1013.0   0.0326   -0.0102
50   -1.97917   -68.185   23.655   942.6   58.950   1.515   1013.0   0.0362   -0.0113
51   -1.95833   -68.270   23.760   942.6   59.140   1.510   1013.0   0.0325   -0.0106
52   -1.93750   -68.350   23.870   942.6   59.330   1.510   1013.0   0.0303   -0.0140
53   -1.91667   -68.430   23.980   942.6   59.520   1.510   1013.0   0.0223   -0.0181
54   -1.89583   -68.510   24.085   942.6   59.710   1.505   1013.0   0.0239   -0.0163
55   -1.87500   -68.590   24.190   942.6   59.900   1.500   1013.0   0.0254   -0.0148
56   -1.85417   -68.675   24.305   942.6   60.105   1.500   1013.0   0.0289   -0.0151
57   -1.83333   -68.760   24.420   942.6   60.310   1.500   1013.0   0.0245   -0.0168
58   -1.81250   -68.840   24.525   942.6   60.510   1.495   1013.0   0.0257   -0.0171
59   -1.79167   -68.920   24.630   942.6   60.710   1.490   1013.0   0.0340   -0.0189
60   -1.77083   -69.000   24.740   942.6   60.910   1.490   1013.0   0.0365   -0.0235
61   -1.75000   -69.080   24.850   942.6   61.110   1.490   1013.0   0.0235   -0.0235
62   -1.72917   -69.160   24.960   942.6   61.315   1.485   1013.0   0.0224   -0.0195
63   -1.70833   -69.240   25.070   942.6   61.520   1.480   1013.0   0.0326   -0.0193
64   -1.68750   -69.320   25.175   942.6   61.730   1.480   1013.0   0.0306   -0.0199
65   -1.66667   -69.400   25.280   942.6   61.940   1.480   1013.0   0.0207   -0.0200
66   -1.64583   -69.480   25.390   942.6   62.150   1.475   1013.0   0.0195   -0.0209
67   -1.62500   -69.560   25.500   942.6   62.360   1.470   1013.0   0.0233   -0.0239
68   -1.60417   -69.645   25.610   942.6   62.585   1.470   1013.0   0.0255   -0.0258
69   -1.58333   -69.730   25.720   942.6   62.810   1.470   1013.0   0.0231   -0.0256
70   -1.56250   -69.810   25.830   942.6   63.030   1.465   1013.0   0.0231   -0.0208
71   -1.54167   -69.890   25.940   942.6   63.250   1.460   1013.0   0.0283   -0.0198
72   -1.52083   -69.970   26.050   942.6   63.470   1.460   1013.0   0.0264   -0.0193
73   -1.50000   -70.050   26.160   942.6   63.690   1.460   1013.0   0.0271   -0.0180
74   -1.47917   -70.135   26.265   942.6   63.915   1.455   1013.0   0.0310   -0.0141
75   -1.45833   -70.220   26.370   942.6   64.140   1.450   1013.0   0.0301   -0.0188
76   -1.43750   -70.300   26.485   942.6   64.380   1.450   1013.0   0.0291   -0.0243
77   -1.41667   -70.380   26.600   942.6   64.620   1.450   1013.0   0.0297   -0.0216
78   -1.39583   -70.460   26.710   942.6   64.850   1.445   1013.0   0.0322   -0.0192
79   -1.37500   -70.540   26.820   942.6   65.080   1.440   1013.0   0.0289   -0.0188
80   -1.35417   -70.620   26.930   942.6   65.320   1.435   1013.0   0.0238   -0.0185
81   -1.33333   -70.700   27.040   942.6   65.560   1.430   1013.0   0.0215   -0.0159
82   -1.31250   -70.780   27.155   942.6   65.815   1.430   1013.0   0.0283   -0.0180
83   -1.29167   -70.860   27.270   942.6   66.070   1.430   1013.0   0.0293   -0.0199
84   -1.27083   -70.935   27.380   942.6   66.325   1.425   1013.0   0.0208   -0.0145
85   -1.25000   -71.010   27.490   942.6   66.580   1.420   1013.0   0.0204   -0.0122
86   -1.22917   -71.090   27.605   942.6   66.840   1.420   1013.0   0.0336   -0.0113
87   -1.20833   -71.170   27.720   942.6   67.100   1.420   1013.0   0.0322   -0.0110
88   -1.18750   -71.245   27.830   942.6   67.360   1.415   1013.0   0.0242   -0.0147
89   -1.16667   -71.320   27.940   942.6   67.620   1.410   1013.0   0.0262   -0.0161
90   -1.14583   -71.400   28.060   942.6   67.895   1.405   1013.0   0.0320   -0.0121
91   -1.12500   -71.480   28.180   942.6   68.170   1.400   1013.0   0.0378   -0.0070
92   -1.10417   -71.560   28.295   942.6   68.445   1.400   1013.0   0.0360   -0.0053
93   -1.08333   -71.640   28.410   942.6   68.720   1.400   1013.0   0.0311   -0.0074
94   -1.06250   -71.715   28.520   942.6   68.995   1.395   1013.0   0.0334   -0.0064
95   -1.04167   -71.790   28.630   942.6   69.270   1.390   1013.0   0.0372   -0.0042
96   -1.02083   -71.870   28.750   942.6   69.565   1.390   1013.0   0.0401   -0.0032
97   -1.00000   -71.950   28.870   942.6   69.860   1.390   1013.0   0.0411   -0.0016
98   -0.97917   -72.030   28.985   942.7   70.185   1.385   1013.0   0.0368   0.0008
99   -0.95833   -72.110   29.100   942.7   70.510   1.380   1013.0   0.0369   0.0036
100   -0.93750   -72.190   29.215   942.9   70.865   1.375   1013.0   0.0407   0.0068
101   -0.91667   -72.270   29.330   943.0   71.220   1.370   1013.0   0.0460   0.0072
102   -0.89583   -72.350   29.450   943.1   71.595   1.370   1013.0   0.0524   0.0030
103   -0.87500   -72.430   29.570   943.3   71.970   1.370   1013.0   0.0455   -0.0001
104   -0.85417   -72.510   29.685   943.4   72.340   1.365   1013.0   0.0439   0.0048
105   -0.83333   -72.590   29.800   943.5   72.710   1.360   1013.0   0.0582   0.0146
106   -0.81250   -72.670   29.920   943.7   73.095   1.355   1013.0   0.0638   0.0199
107   -0.79167   -72.750   30.040   943.8   73.480   1.350   1013.0   0.0592   0.0210
108   -0.77083   -72.835   30.160   943.9   73.875   1.345   1013.0   0.0573   0.0215
109   -0.75000   -72.920   30.280   944.1   74.270   1.340   1013.0   0.0621   0.0228
110   -0.72917   -73.005   30.405   944.2   74.680   1.340   1013.0   0.0734   0.0257
111   -0.70833   -73.090   30.530   944.3   75.090   1.340   1013.0   0.0811   0.0280
112   -0.68750   -73.170   30.650   944.5   75.495   1.335   1013.0   0.0855   0.0315
113   -0.66667   -73.250   30.770   944.6   75.900   1.330   1013.0   0.0895   0.0376
114   -0.64583   -73.335   30.890   944.7   76.325   1.325   1013.0   0.1002   0.0445
115   -0.62500   -73.420   31.010   944.9   76.750   1.320   1013.0   0.1145   0.0553
116   -0.60417   -73.505   31.135   945.0   77.185   1.315   1013.0   0.1178   0.0622
117   -0.58333   -73.590   31.260   945.1   77.620   1.310   1013.0   0.1169   0.0617
118   -0.56250   -73.680   31.390   945.3   78.070   1.305   1013.0   0.1209   0.0619
119   -0.54167   -73.770   31.520   945.4   78.520   1.300   1013.0   0.1252   0.0717
120   -0.52083   -73.855   31.640   945.5   78.970   1.300   1013.0   0.1370   0.0881
121   -0.50000   -73.940   31.760   945.7   79.420   1.300   1013.0   0.1517   0.0985
122   -0.47917   -74.030   31.890   945.8   79.885   1.295   1013.0   0.1564   0.1047
123   -0.45833   -74.120   32.020   945.9   80.350   1.290   1013.0   0.1613   0.1158
124   -0.43750   -74.210   32.150   946.1   80.840   1.285   1013.0   0.1784   0.1267
125   -0.41667   -74.300   32.280   946.2   81.330   1.280   1013.0   0.1908   0.1383
126   -0.39583   -74.385   32.405   946.3   81.820   1.275   1013.0   0.1932   0.1540
127   -0.37500   -74.470   32.530   946.5   82.310   1.270   1013.0   0.2013   0.1697
128   -0.35417   -74.565   32.665   946.6   82.815   1.265   1013.0   0.2059   0.1869
129   -0.33333   -74.660   32.800   946.7   83.320   1.260   1013.0   0.2092   0.2138
130   -0.31250   -74.755   32.935   946.9   83.855   1.255   1013.0   0.2148   0.2416
131   -0.29167   -74.850   33.070   947.0   84.390   1.250   1013.0   0.2102   0.2701
132   -0.27083   -74.950   33.200   947.1   84.915   1.245   1013.0   0.2049   0.3045
133   -0.25000   -75.050   33.330   947.3   85.440   1.240   1013.0   0.2043   0.3421
134   -0.22917   -75.150   33.465   947.4   85.990   1.235   1013.0   0.1896   0.3857
135   -0.20833   -75.250   33.600   947.5   86.540   1.230   1013.0   0.1611   0.4336
136   -0.18750   -75.355   33.735   947.7   87.105   1.225   1013.0   0.1280   0.4850
137   -0.16667   -75.460   33.870   947.8   87.670   1.220   1013.0   0.0873   0.5443
138   -0.14583   -75.565   34.010   947.9   88.255   1.215   1013.0   0.0312   0.6136
139   -0.12500   -75.670   34.150   948.1   88.840   1.210   1013.0   -0.0376   0.6917
140   -0.10417   -75.780   34.290   948.2   89.440   1.205   1013.0   -0.1147   0.7918
141   -0.08333   -75.890   34.430   948.3   90.040   1.200   1013.0   -0.1991   0.9079
142   -0.06250   -75.995   34.570   948.5   90.665   1.195   1013.0   -0.2769   1.0395
143   -0.04167   -76.100   34.710   948.6   91.290   1.190   1013.0   -0.3369   1.1854
144   -0.02083   -76.205   34.860   948.7   91.955   1.185   1013.0   -0.3845   1.3450
145   0.00000   -76.310   35.010   948.9   92.620   1.180   1013.0   -0.4281   1.5183
146   0.02083   -76.410   35.165   950.5   94.150   1.175   1013.0   -0.4273   1.6531
147   0.04167   -76.510   35.320   952.2   95.680   1.170   1013.0   -0.3813   1.7209
148   0.06250   -76.610   35.475   955.1   97.885   1.155   1013.0   -0.2532   1.6779
149   0.08333   -76.710   35.630   958.1   100.090   1.140   1013.0   -0.1312   1.5141
150   0.10417   -76.810   35.790   960.7   102.120   1.130   1013.0   -0.0670   1.2266
151   0.12500   -76.910   35.950   963.4   104.150   1.120   1013.0   -0.0183   0.9264
152   0.14583   -77.020   36.115   965.8   106.035   1.110   1013.0   0.0223   0.5838
153   0.16667   -77.130   36.280   968.2   107.920   1.100   1013.0   0.0333   0.3415
154   0.18750   -77.235   36.445   970.3   109.685   1.090   1013.0   0.0373   0.1759
155   0.20833   -77.340   36.610   972.5   111.450   1.080   1013.0   0.0038   0.0466
156   0.22917   -77.450   36.780   974.5   113.100   1.070   1013.0   -0.0534   -0.0986
157   0.25000   -77.560   36.950   976.4   114.750   1.060   1013.0   -0.0636   -0.1680
158   0.27083   -77.675   37.125   978.2   116.345   1.050   1013.0   -0.0477   -0.2105
159   0.29167   -77.790   37.300   980.0   117.940   1.040   1013.0   -0.0182   -0.2275
160   0.31250   -77.915   37.475   981.6   119.470   1.030   1013.0   -0.0393   -0.2352
161   0.33333   -78.040   37.650   983.2   121.000   1.020   1013.0   -0.0941   -0.2323
162   0.35417   -78.165   37.830   984.6   122.505   1.010   1013.0   -0.1028   -0.2226
163   0.37500   -78.290   38.010   986.0   124.010   1.000   1013.0   -0.0794   -0.2108
164   0.39583   -78.415   38.195   987.4   125.495   0.990   1013.0   -0.0395   -0.2102
165   0.41667   -78.415   38.195   987.4   125.495   0.990   1013.0   -0.0395   -0.2102
166   0.43750   -78.415   38.195   987.4   125.495   0.990   1013.0   -0.0395   -0.2102
167   0.45833   -78.415   38.195   987.4   125.495   0.990   1013.0   -0.0395   -0.2102
168   0.47917   -78.415   38.195   987.4   125.495   0.990   1013.0   -0.0395   -0.2102
169   0.50000   -78.415   38.195   987.4   125.495   0.990   1013.0   -0.0395   -0.2102
170   0.52083   -78.415   38.195   987.4   125.495   0.990   1013.0   -0.0395   -0.2102
171   0.54167   -78.415   38.195   987.4   125.495   0.990   1013.0   -0.0395   -0.2102
172   0.56250   -78.415   38.195   987.4   125.495   0.990   1013.0   -0.0395   -0.2102
173   0.58333   -78.415   38.195   987.4   125.495   0.990   1013.0   -0.0395   -0.2102
174   0.60417   -78.415   38.195   987.4   125.495   0.990   1013.0   -0.0395   -0.2102
175   0.62500   -78.415   38.195   987.4   125.495   0.990   1013.0   -0.0395   -0.2102
176   0.64583   -78.415   38.195   987.4   125.495   0.990   1013.0   -0.0395   -0.2102
177   0.66667   -78.415   38.195   987.4   125.495   0.990   1013.0   -0.0395   -0.2102
178   0.68750   -78.415   38.195   987.4   125.495   0.990   1013.0   -0.0395   -0.2102
179   0.70833   -78.415   38.195   987.4   125.495   0.990   1013.0   -0.0395   -0.2102
180   0.72917   -78.415   38.195   987.4   125.495   0.990   1013.0   -0.0395   -0.2102
181   0.75000   -78.415   38.195   987.4   125.495   0.990   1013.0   -0.0395   -0.2102
182   0.77083   -78.415   38.195   987.4   125.495   0.990   1013.0   -0.0395   -0.2102
183   0.79167   -78.415   38.195   987.4   125.495   0.990   1013.0   -0.0395   -0.2102
184   0.81250   -78.415   38.195   987.4   125.495   0.990   1013.0   -0.0395   -0.2102
185   0.83333   -78.415   38.195   987.4   125.495   0.990   1013.0   -0.0395   -0.2102
186   0.85417   -78.415   38.195   987.4   125.495   0.990   1013.0   -0.0395   -0.2102
187   0.87500   -78.415   38.195   987.4   125.495   0.990   1013.0   -0.0395   -0.2102
188   0.89583   -78.415   38.195   987.4   125.495   0.990   1013.0   -0.0395   -0.2102
189   0.91667   -78.415   38.195   987.4   125.495   0.990   1013.0   -0.0395   -0.2102
190   0.93750   -78.415   38.195   987.4   125.495   0.990   1013.0   -0.0395   -0.2102
191   0.95833   -78.415   38.195   987.4   125.495   0.990   1013.0   -0.0395   -0.2102
192   0.97917   -78.415   38.195   987.4   125.495   0.990   1013.0   -0.0395   -0.2102
193   1.00000   -78.415   38.195   987.4   125.495   0.990   1013.0   -0.0395   -0.2102
