1   -3.00000   -67.840   19.220   942.6   30.630   1.730   1013.0   0.0004   0.0002
2   -2.97917   -67.970   19.280   942.6   30.675   1.730   1013.0   0.0004   0.0002
3   -2.95833   -68.100   19.340   942.6   30.720   1.730   1013.0   0.0003   0.0002
4   -2.93750   -68.230   19.400   942.6   30.765   1.730   1013.0   0.0002   0.0003
5   -2.91667   -68.360   19.460   942.6   30.810   1.730   1013.0   0.0004   0.0004
6   -2.89583   -68.490   19.520   942.6   30.855   1.725   1013.0   0.0007   0.0003
7   -2.87500   -68.620   19.580   942.6   30.900   1.720   1013.0   0.0006   0.0002
8   -2.85417   -68.750   19.640   942.6   30.945   1.720   1013.0   0.0006   0.0002
9   -2.83333   -68.880   19.700   942.6   30.990   1.720   1013.0   0.0007   0.0003
10   -2.81250   -69.015   19.760   942.6   31.035   1.720   1013.0   0.0009   0.0004
11   -2.79167   -69.150   19.820   942.6   31.080   1.720   1013.0   0.0006   0.0005
12   -2.77083   -69.275   19.885   942.6   31.130   1.720   1013.0   0.0005   0.0004
13   -2.75000   -69.400   19.950   942.6   31.180   1.720   1013.0   0.0003   0.0003
14   -2.72917   -69.530   20.010   942.6   31.230   1.720   1013.0   0.0001   0.0003
15   -2.70833   -69.660   20.070   942.6   31.280   1.720   1013.0   0.0006   0.0005
16   -2.68750   -69.790   20.135   942.6   31.330   1.715   1013.0   0.0010   0.0004
17   -2.66667   -69.920   20.200   942.6   31.380   1.710   1013.0   0.0006   0.0002
18   -2.64583   -70.045   20.265   942.6   31.425   1.710   1013.0   0.0003   0.0002
19   -2.62500   -70.170   20.330   942.6   31.470   1.710   1013.0   0.0009   0.0003
20   -2.60417   -70.300   20.390   942.6   31.525   1.710   1013.0   0.0007   0.0006
21   -2.58333   -70.430   20.450   942.6   31.580   1.710   1013.0   0.0006   0.0009
22   -2.56250   -70.555   20.515   942.6   31.630   1.710   1013.0   0.0009   0.0009
23   -2.54167   -70.680   20.580   942.6   31.680   1.710   1013.0   0.0014   0.0002
24   -2.52083   -70.805   20.640   942.6   31.730   1.705   1013.0   0.0009   0.0004
25   -2.50000   -70.930   20.700   942.6   31.780   1.700   1013.0   0.0014   0.0006
26   -2.47917   -71.060   20.770   942.6   31.835   1.700   1013.0   0.0017   0.0012
27   -2.45833   -71.190   20.840   942.6   31.890   1.700   1013.0   0.0020   0.0004
28   -2.43750   -71.310   20.905   942.6   31.945   1.700   1013.0   0.0007   -0.0001
29   -2.41667   -71.430   20.970   942.6   32.000   1.700   1013.0   0.0002   -0.0004
30   -2.39583   -71.560   21.040   942.6   32.060   1.700   1013.0   -0.0007   -0.0002
31   -2.37500   -71.690   21.110   942.6   32.120   1.700   1013.0   -0.0009   -0.0000
32   -2.35417   -71.810   21.180   942.6   32.175   1.695   1013.0   -0.0012   -0.0006
33   -2.33333   -71.930   21.250   942.6   32.230   1.690   1013.0   -0.0031   0.0008
34   -2.31250   -72.055   21.315   942.6   32.290   1.690   1013.0   0.0001   -0.0015
35   -2.29167   -72.180   21.380   942.6   32.350   1.690   1013.0   -0.0023   0.0026
36   -2.27083   -72.300   21.450   942.6   32.405   1.690   1013.0   0.0043   0.0003
37   -2.25000   -72.420   21.520   942.6   32.460   1.690   1013.0   0.0043   0.0014
38   -2.22917   -72.545   21.590   942.6   32.520   1.690   1013.0   0.0001   -0.0003
39   -2.20833   -72.670   21.660   942.6   32.580   1.690   1013.0   0.0027   0.0001
40   -2.18750   -72.795   21.730   942.6   32.645   1.690   1013.0   0.0054   0.0022
41   -2.16667   -72.920   21.800   942.6   32.710   1.690   1013.0   0.0003   0.0018
42   -2.14583   -73.040   21.865   942.6   32.770   1.685   1013.0   0.0039   0.0021
43   -2.12500   -73.160   21.930   942.6   32.830   1.680   1013.0   0.0021   -0.0006
44   -2.10417   -73.280   22.005   942.6   32.895   1.680   1013.0   -0.0040   -0.0012
45   -2.08333   -73.400   22.080   942.6   32.960   1.680   1013.0   0.0019   -0.0018
46   -2.06250   -73.515   22.160   942.6   33.035   1.680   1013.0   -0.0033   -0.0008
47   -2.04167   -73.630   22.240   942.6   33.110   1.680   1013.0   -0.0013   0.0005
48   -2.02083   -73.745   22.320   942.6   33.185   1.675   1013.0   -0.0038   0.0016
49   -2.00000   -73.860   22.400   942.6   33.260   1.670   1013.0   -0.0016   0.0009
50   -1.97917   -73.970   22.480   942.6   33.330   1.670   1013.0   0.0008   0.0021
51   -1.95833   -74.080   22.560   942.6   33.400   1.670   1013.0   -0.0005   -0.0009
52   -1.93750   -74.190   22.645   942.6   33.480   1.670   1013.0   0.0059   0.0004
53   -1.91667   -74.300   22.730   942.6   33.560   1.670   1013.0   0.0037   -0.0006
54   -1.89583   -74.415   22.810   942.6   33.635   1.670   1013.0   0.0048   0.0017
55   -1.87500   -74.530   22.890   942.6   33.710   1.670   1013.0   0.0069   0.0038
56   -1.85417   -74.645   22.975   942.6   33.790   1.665   1013.0   0.0062   0.0039
57   -1.83333   -74.760   23.060   942.6   33.870   1.660   1013.0   0.0024   0.0020
58   -1.81250   -74.870   23.140   942.6   33.950   1.660   1013.0   0.0015   -0.0014
59   -1.79167   -74.980   23.220   942.6   34.030   1.660   1013.0   -0.0007   -0.0025
60   -1.77083   -75.090   23.300   942.6   34.110   1.660   1013.0   -0.0050   -0.0022
61   -1.75000   -75.200   23.380   942.6   34.190   1.660   1013.0   -0.0023   0.0009
62   -1.72917   -75.315   23.460   942.6   34.270   1.655   1013.0   -0.0023   0.0020
63   -1.70833   -75.430   23.540   942.6   34.350   1.650   1013.0   -0.0012   0.0051
64   -1.68750   -75.540   23.625   942.6   34.435   1.650   1013.0   0.0027   0.0026
65   -1.66667   -75.650   23.710   942.6   34.520   1.650   1013.0   0.0055   -0.0023
66   -1.64583   -75.740   23.815   942.6   34.625   1.650   1013.0   0.0024   -0.0026
67   -1.62500   -75.830   23.920   942.6   34.730   1.650   1013.0   0.0045   -0.0033
68   -1.60417   -75.915   24.025   942.6   34.845   1.645   1013.0   0.0113   -0.0004
69   -1.58333   -76.000   24.130   942.6   34.960   1.640   1013.0   0.0180   0.0059
70   -1.56250   -76.085   24.235   942.6   35.070   1.640   1013.0   0.0268   0.0060
71   -1.54167   -76.170   24.340   942.6   35.180   1.640   1013.0   0.0295   0.0051
72   -1.52083   -76.255   24.445   942.6   35.290   1.635   1013.0   0.0354   0.0013
73   -1.50000   -76.340   24.550   942.6   35.400   1.630   1013.0   0.0378   -0.0033
74   -1.47917   -76.430   24.655   942.6   35.515   1.630   1013.0   0.0425   -0.0029
75   -1.45833   -76.520   24.760   942.6   35.630   1.630   1013.0   0.0348   -0.0007
76   -1.43750   -76.605   24.870   942.6   35.750   1.630   1013.0   0.0241   0.0032
77   -1.41667   -76.690   24.980   942.6   35.870   1.630   1013.0   0.0213   0.0077
78   -1.39583   -76.775   25.085   942.6   35.985   1.625   1013.0   0.0178   0.0061
79   -1.37500   -76.860   25.190   942.6   36.100   1.620   1013.0   0.0140   0.0026
80   -1.35417   -76.945   25.295   942.6   36.220   1.620   1013.0   0.0206   -0.0042
81   -1.33333   -77.030   25.400   942.6   36.340   1.620   1013.0   0.0239   -0.0076
82   -1.31250   -77.115   25.505   942.6   36.460   1.615   1013.0   0.0259   -0.0045
83   -1.29167   -77.200   25.610   942.6   36.580   1.610   1013.0   0.0319   0.0014
84   -1.27083   -77.290   25.720   942.6   36.710   1.610   1013.0   0.0357   0.0134
85   -1.25000   -77.380   25.830   942.6   36.840   1.610   1013.0   0.0337   0.0137
86   -1.22917   -77.440   25.945   942.6   36.980   1.610   1013.0   0.0359   0.0120
87   -1.20833   -77.500   26.060   942.6   37.120   1.610   1013.0   0.0346   0.0069
88   -1.18750   -77.560   26.175   942.6   37.260   1.605   1013.0   0.0330   0.0039
89   -1.16667   -77.620   26.290   942.6   37.400   1.600   1013.0   0.0331   -0.0012
90   -1.14583   -77.685   26.410   942.6   37.545   1.600   1013.0   0.0285   -0.0047
91   -1.12500   -77.750   26.530   942.6   37.690   1.600   1013.0   0.0194   -0.0064
92   -1.10417   -77.810   26.650   942.6   37.840   1.595   1013.0   0.0130   -0.0061
93   -1.08333   -77.870   26.770   942.6   37.990   1.590   1013.0   0.0119   -0.0051
94   -1.06250   -77.935   26.890   942.6   38.145   1.590   1013.0   0.0102   -0.0096
95   -1.04167   -78.000   27.010   942.6   38.300   1.590   1013.0   0.0101   -0.0148
96   -1.02083   -78.060   27.130   942.6   38.455   1.585   1013.0   0.0167   -0.0192
97   -1.00000   -78.120   27.250   942.6   38.610   1.580   1013.0   0.0189   -0.0251
98   -0.97917   -78.190   27.375   942.6   38.780   1.580   1013.0   0.0222   -0.0243
99   -0.95833   -78.260   27.500   942.7   38.950   1.580   1013.0   0.0272   -0.0185
100   -0.93750   -78.295   27.625   942.8   39.155   1.575   1013.0   0.0364   -0.0141
101   -0.91667   -78.330   27.750   942.9   39.360   1.570   1013.0   0.0390   -0.0104
102   -0.89583   -78.340   27.880   943.1   39.570   1.570   1013.0   0.0435   -0.0104
103   -0.87500   -78.350   28.010   943.2   39.780   1.570   1013.0   0.0391   -0.0156
104   -0.85417   -78.360   28.145   943.3   40.000   1.565   1013.0   0.0277   -0.0268
105   -0.83333   -78.370   28.280   943.5   40.220   1.560   1013.0   0.0152   -0.0384
106   -0.81250   -78.375   28.415   943.6   40.450   1.555   1013.0   0.0014   -0.0497
107   -0.79167   -78.380   28.550   943.7   40.680   1.550   1013.0   -0.0050   -0.0581
108   -0.77083   -78.390   28.685   943.9   40.910   1.550   1013.0   -0.0167   -0.0570
109   -0.75000   -78.400   28.820   944.0   41.140   1.550   1013.0   -0.0247   -0.0520
110   -0.72917   -78.410   28.955   944.1   41.375   1.545   1013.0   -0.0320   -0.0471
111   -0.70833   -78.420   29.090   944.3   41.610   1.540   1013.0   -0.0237   -0.0422
112   -0.68750   -78.430   29.225   944.4   41.850   1.535   1013.0   -0.0004   -0.0386
113   -0.66667   -78.440   29.360   944.5   42.090   1.530   1013.0   0.0267   -0.0367
114   -0.64583   -78.445   29.500   944.7   42.340   1.530   1013.0   0.0490   -0.0415
115   -0.62500   -78.450   29.640   944.8   42.590   1.530   1013.0   0.0625   -0.0434
116   -0.60417   -78.445   29.780   944.9   42.850   1.525   1013.0   0.0641   -0.0425
117   -0.58333   -78.440   29.920   945.1   43.110   1.520   1013.0   0.0651   -0.0389
118   -0.56250   -78.440   30.055   945.2   43.360   1.520   1013.0   0.0681   -0.0378
119   -0.54167   -78.440   30.190   945.3   43.610   1.520   1013.0   0.0561   -0.0453
120   -0.52083   -78.440   30.330   945.5   43.880   1.515   1013.0   0.0420   -0.0522
121   -0.50000   -78.440   30.470   945.6   44.150   1.510   1013.0   0.0230   -0.0587
122   -0.47917   -78.435   30.615   945.7   44.430   1.505   1013.0   0.0183   -0.0621
123   -0.45833   -78.430   30.760   945.9   44.710   1.500   1013.0   0.0181   -0.0595
124   -0.43750   -78.430   30.900   946.0   44.990   1.500   1013.0   0.0289   -0.0582
125   -0.41667   -78.430   31.040   946.1   45.270   1.500   1013.0   0.0466   -0.0555
126   -0.39583   -78.425   31.185   946.3   45.560   1.495   1013.0   0.0679   -0.0556
127   -0.37500   -78.420   31.330   946.4   45.850   1.490   1013.0   0.0918   -0.0550
128   -0.35417   -78.420   31.475   946.5   46.150   1.485   1013.0   0.1235   -0.0565
129   -0.33333   -78.420   31.620   946.7   46.450   1.480   1013.0   0.1570   -0.0595
130   -0.31250   -78.415   31.765   946.8   46.755   1.475   1013.0   0.1762   -0.0616
131   -0.29167   -78.410   31.910   946.9   47.060   1.470   1013.0   0.1961   -0.0619
132   -0.27083   -78.375   32.055   947.1   47.375   1.470   1013.0   0.2117   -0.0609
133   -0.25000   -78.340   32.200   947.2   47.690   1.470   1013.0   0.2316   -0.0609
134   -0.22917   -78.310   32.350   947.3   48.020   1.465   1013.0   0.2653   -0.0586
135   -0.20833   -78.280   32.500   947.5   48.350   1.460   1013.0   0.3104   -0.0552
136   -0.18750   -78.245   32.650   947.6   48.675   1.455   1013.0   0.3548   -0.0509
137   -0.16667   -78.210   32.800   947.7   49.000   1.450   1013.0   0.4346   -0.0466
138   -0.14583   -78.180   32.950   947.9   49.345   1.445   1013.0   0.5388   -0.0462
139   -0.12500   -78.150   33.100   948.0   49.690   1.440   1013.0   0.6719   -0.0493
140   -0.10417   -78.115   33.255   948.1   50.055   1.440   1013.0   0.8844   -0.0505
141   -0.08333   -78.080   33.410   948.3   50.420   1.440   1013.0   1.2316   -0.0510
142   -0.06250   -78.045   33.565   948.4   50.790   1.435   1013.0   1.8330   -0.0496
143   -0.04167   -78.010   33.720   948.5   51.160   1.430   1013.0   2.9671   -0.0459
144   -0.02083   -77.970   33.880   948.7   51.545   1.425   1013.0   4.2651   -0.0444
145   0.00000   -77.930   34.040   948.8   51.930   1.420   1013.0   3.7627   -0.0434
146   0.02083   -77.830   34.180   950.1   52.640   1.415   1013.0   2.9761   -0.0423
147   0.04167   -77.730   34.320   951.4   53.350   1.410   1013.0   2.4266   -0.0348
148   0.06250   -77.630   34.465   955.9   54.975   1.395   1013.0   1.3042   -0.0247
149   0.08333   -77.530   34.610   960.3   56.600   1.380   1013.0   -0.0660   -0.0072
150   0.10417   -77.425   34.760   964.1   57.955   1.365   1013.0   -0.9073   0.0150
151   0.12500   -77.320   34.910   967.9   59.310   1.350   1013.0   -0.9073   0.0307
152   0.14583   -77.215   35.055   971.1   60.455   1.335   1013.0   -0.9073   0.0358
153   0.16667   -77.110   35.200   974.4   61.600   1.320   1013.0   -0.9073   0.0422
154   0.18750   -77.000   35.355   977.1   62.600   1.305   1013.0   -0.9073   0.0469
155   0.20833   -76.890   35.510   979.9   63.600   1.290   1013.0   -0.9073   0.0647
156   0.22917   -76.785   35.665   982.3   64.475   1.280   1013.0   -0.9073   0.0857
157   0.25000   -76.680   35.820   984.7   65.350   1.270   1013.0   -0.9073   0.1071
158   0.27083   -76.570   35.980   986.7   66.135   1.255   1013.0   -0.9073   0.1043
159   0.29167   -76.460   36.140   988.7   66.920   1.240   1013.0   -0.9073   0.0556
160   0.31250   -76.340   36.300   990.5   67.655   1.225   1013.0   -0.9073   -0.0655
161   0.33333   -76.220   36.460   992.2   68.390   1.210   1013.0   -0.9073   -0.2222
162   0.35417   -76.095   36.625   993.7   69.085   1.200   1013.0   -0.9073   -0.3802
163   0.37500   -75.970   36.790   995.2   69.780   1.190   1013.0   -0.9073   -0.4851
164   0.39583   -75.845   36.955   996.5   70.460   1.175   1013.0   -0.9073   -0.5397
165   0.41667   -75.720   37.120   997.8   71.140   1.160   1013.0   -0.9073   -0.5501
166   0.43750   -75.595   37.290   998.9   71.805   1.150   1013.0   -0.9073   -0.5236
167   0.45833   -75.470   37.460   1000.0   72.470   1.140   1013.0   -0.9073   -0.4662
168   0.47917   -75.340   37.635   1000.9   73.145   1.130   1013.0   -0.9073   -0.4346
169   0.50000   -75.210   37.810   1001.8   73.820   1.120   1013.0   -0.9073   -0.4411
170   0.52083   -75.070   37.990   1002.6   74.500   1.105   1013.0   -0.9073   -0.4277
171   0.54167   -74.930   38.170   1003.4   75.180   1.090   1013.0   -0.9073   -0.4304
172   0.56250   -74.790   38.350   1004.1   75.880   1.080   1013.0   -0.9073   -0.4704
173   0.58333   -74.790   38.350   1004.1   75.880   1.080   1013.0   -0.9073   -0.4704
174   0.60417   -74.790   38.350   1004.1   75.880   1.080   1013.0   -0.9073   -0.4704
175   0.62500   -74.790   38.350   1004.1   75.880   1.080   1013.0   -0.9073   -0.4704
176   0.64583   -74.790   38.350   1004.1   75.880   1.080   1013.0   -0.9073   -0.4704
177   0.66667   -74.790   38.350   1004.1   75.880   1.080   1013.0   -0.9073   -0.4704
178   0.68750   -74.790   38.350   1004.1   75.880   1.080   1013.0   -0.9073   -0.4704
179   0.70833   -74.790   38.350   1004.1   75.880   1.080   1013.0   -0.9073   -0.4704
180   0.72917   -74.790   38.350   1004.1   75.880   1.080   1013.0   -0.9073   -0.4704
181   0.75000   -74.790   38.350   1004.1   75.880   1.080   1013.0   -0.9073   -0.4704
182   0.77083   -74.790   38.350   1004.1   75.880   1.080   1013.0   -0.9073   -0.4704
183   0.79167   -74.790   38.350   1004.1   75.880   1.080   1013.0   -0.9073   -0.4704
184   0.81250   -74.790   38.350   1004.1   75.880   1.080   1013.0   -0.9073   -0.4704
185   0.83333   -74.790   38.350   1004.1   75.880   1.080   1013.0   -0.9073   -0.4704
186   0.85417   -74.790   38.350   1004.1   75.880   1.080   1013.0   -0.9073   -0.4704
187   0.87500   -74.790   38.350   1004.1   75.880   1.080   1013.0   -0.9073   -0.4704
188   0.89583   -74.790   38.350   1004.1   75.880   1.080   1013.0   -0.9073   -0.4704
189   0.91667   -74.790   38.350   1004.1   75.880   1.080   1013.0   -0.9073   -0.4704
190   0.93750   -74.790   38.350   1004.1   75.880   1.080   1013.0   -0.9073   -0.4704
191   0.95833   -74.790   38.350   1004.1   75.880   1.080   1013.0   -0.9073   -0.4704
192   0.97917   -74.790   38.350   1004.1   75.880   1.080   1013.0   -0.9073   -0.4704
193   1.00000   -74.790   38.350   1004.1   75.880   1.080   1013.0   -0.9073   -0.4704
