1   -3.00000   -68.670   22.890   973.4   23.030   1.460   1013.0   0.0013   0.0031
2   -2.97917   -68.730   22.960   973.4   23.080   1.455   1013.0   -0.0010   0.0026
3   -2.95833   -68.790   23.030   973.4   23.130   1.450   1013.0   -0.0010   0.0003
4   -2.93750   -68.850   23.105   973.4   23.175   1.450   1013.0   -0.0005   -0.0010
5   -2.91667   -68.910   23.180   973.4   23.220   1.450   1013.0   0.0010   -0.0023
6   -2.89583   -68.960   23.250   973.4   23.270   1.450   1013.0   0.0006   -0.0018
7   -2.87500   -69.010   23.320   973.4   23.320   1.450   1013.0   -0.0015   -0.0009
8   -2.85417   -69.070   23.400   973.4   23.370   1.450   1013.0   -0.0019   0.0016
9   -2.83333   -69.130   23.480   973.4   23.420   1.450   1013.0   -0.0006   0.0036
10   -2.81250   -69.185   23.555   973.4   23.475   1.445   1013.0   0.0012   0.0034
11   -2.79167   -69.240   23.630   973.4   23.530   1.440   1013.0   0.0030   0.0005
12   -2.77083   -69.295   23.700   973.4   23.580   1.440   1013.0   0.0028   -0.0023
13   -2.75000   -69.350   23.770   973.4   23.630   1.440   1013.0   0.0019   -0.0024
14   -2.72917   -69.405   23.850   973.4   23.685   1.440   1013.0   0.0014   -0.0010
15   -2.70833   -69.460   23.930   973.4   23.740   1.440   1013.0   -0.0006   0.0024
16   -2.68750   -69.515   24.000   973.4   23.790   1.440   1013.0   -0.0009   0.0036
17   -2.66667   -69.570   24.070   973.4   23.840   1.440   1013.0   0.0000   0.0021
18   -2.64583   -69.625   24.145   973.4   23.895   1.435   1013.0   0.0007   -0.0008
19   -2.62500   -69.680   24.220   973.4   23.950   1.430   1013.0   0.0008   -0.0018
20   -2.60417   -69.735   24.295   973.4   24.000   1.430   1013.0   0.0007   -0.0003
21   -2.58333   -69.790   24.370   973.4   24.050   1.430   1013.0   0.0013   0.0024
22   -2.56250   -69.845   24.445   973.4   24.105   1.430   1013.0   0.0026   0.0029
23   -2.54167   -69.900   24.520   973.4   24.160   1.430   1013.0   0.0016   0.0018
24   -2.52083   -69.960   24.595   973.4   24.215   1.430   1013.0   0.0005   -0.0000
25   -2.50000   -70.020   24.670   973.4   24.270   1.430   1013.0   0.0003   -0.0019
26   -2.47917   -70.070   24.745   973.4   24.325   1.425   1013.0   0.0011   -0.0022
27   -2.45833   -70.120   24.820   973.4   24.380   1.420   1013.0   -0.0003   -0.0011
28   -2.43750   -70.180   24.895   973.4   24.440   1.420   1013.0   -0.0035   0.0010
29   -2.41667   -70.240   24.970   973.4   24.500   1.420   1013.0   -0.0028   0.0037
30   -2.39583   -70.295   25.040   973.4   24.555   1.420   1013.0   0.0011   0.0039
31   -2.37500   -70.350   25.110   973.4   24.610   1.420   1013.0   0.0036   0.0025
32   -2.35417   -70.400   25.185   973.4   24.665   1.420   1013.0   0.0056   -0.0007
33   -2.33333   -70.450   25.260   973.4   24.720   1.420   1013.0   0.0054   -0.0006
34   -2.31250   -70.510   25.335   973.4   24.780   1.415   1013.0   0.0033   -0.0005
35   -2.29167   -70.570   25.410   973.4   24.840   1.410   1013.0   0.0015   -0.0005
36   -2.27083   -70.620   25.480   973.4   24.895   1.410   1013.0   -0.0007   0.0007
37   -2.25000   -70.670   25.550   973.4   24.950   1.410   1013.0   -0.0038   0.0006
38   -2.22917   -70.730   25.630   973.4   25.010   1.410   1013.0   -0.0040   0.0016
39   -2.20833   -70.790   25.710   973.4   25.070   1.410   1013.0   -0.0001   0.0003
40   -2.18750   -70.845   25.785   973.4   25.130   1.410   1013.0   -0.0027   0.0004
41   -2.16667   -70.900   25.860   973.4   25.190   1.410   1013.0   0.0011   -0.0008
42   -2.14583   -70.955   25.930   973.4   25.250   1.405   1013.0   0.0019   0.0006
43   -2.12500   -71.010   26.000   973.4   25.310   1.400   1013.0   0.0040   0.0022
44   -2.10417   -71.065   26.075   973.4   25.375   1.400   1013.0   0.0052   0.0048
45   -2.08333   -71.120   26.150   973.4   25.440   1.400   1013.0   0.0089   0.0054
46   -2.06250   -71.175   26.225   973.4   25.500   1.400   1013.0   0.0080   0.0040
47   -2.04167   -71.230   26.300   973.4   25.560   1.400   1013.0   0.0022   -0.0008
48   -2.02083   -71.285   26.375   973.4   25.620   1.400   1013.0   0.0003   -0.0035
49   -2.00000   -71.340   26.450   973.4   25.680   1.400   1013.0   -0.0004   -0.0034
50   -1.97917   -71.395   26.525   973.4   25.745   1.395   1013.0   -0.0017   -0.0021
51   -1.95833   -71.450   26.600   973.4   25.810   1.390   1013.0   -0.0047   0.0002
52   -1.93750   -71.500   26.680   973.4   25.875   1.390   1013.0   -0.0075   0.0030
53   -1.91667   -71.550   26.760   973.4   25.940   1.390   1013.0   -0.0055   0.0047
54   -1.89583   -71.605   26.830   973.4   26.005   1.390   1013.0   0.0015   0.0042
55   -1.87500   -71.660   26.900   973.4   26.070   1.390   1013.0   0.0053   0.0007
56   -1.85417   -71.710   26.980   973.4   26.140   1.385   1013.0   0.0043   -0.0021
57   -1.83333   -71.760   27.060   973.4   26.210   1.380   1013.0   0.0049   -0.0008
58   -1.81250   -71.815   27.140   973.4   26.280   1.380   1013.0   0.0068   0.0013
59   -1.79167   -71.870   27.220   973.4   26.350   1.380   1013.0   0.0074   0.0049
60   -1.77083   -71.920   27.295   973.4   26.415   1.380   1013.0   0.0067   0.0054
61   -1.75000   -71.970   27.370   973.4   26.480   1.380   1013.0   0.0061   0.0043
62   -1.72917   -72.025   27.445   973.4   26.550   1.380   1013.0   0.0062   0.0013
63   -1.70833   -72.080   27.520   973.4   26.620   1.380   1013.0   0.0030   -0.0010
64   -1.68750   -72.135   27.600   973.4   26.695   1.375   1013.0   -0.0007   -0.0002
65   -1.66667   -72.190   27.680   973.4   26.770   1.370   1013.0   -0.0012   0.0002
66   -1.64583   -72.240   27.755   973.4   26.835   1.370   1013.0   0.0007   -0.0004
67   -1.62500   -72.290   27.830   973.4   26.900   1.370   1013.0   0.0020   0.0009
68   -1.60417   -72.340   27.910   973.4   26.975   1.370   1013.0   0.0083   0.0023
69   -1.58333   -72.390   27.990   973.4   27.050   1.370   1013.0   0.0150   0.0025
70   -1.56250   -72.445   28.065   973.4   27.125   1.365   1013.0   0.0141   0.0025
71   -1.54167   -72.500   28.140   973.4   27.200   1.360   1013.0   0.0173   0.0016
72   -1.52083   -72.555   28.220   973.4   27.275   1.360   1013.0   0.0194   0.0011
73   -1.50000   -72.610   28.300   973.4   27.350   1.360   1013.0   0.0205   0.0022
74   -1.47917   -72.665   28.380   973.4   27.425   1.360   1013.0   0.0224   0.0023
75   -1.45833   -72.720   28.460   973.4   27.500   1.360   1013.0   0.0186   0.0048
76   -1.43750   -72.770   28.535   973.4   27.575   1.360   1013.0   0.0157   0.0087
77   -1.41667   -72.820   28.610   973.4   27.650   1.360   1013.0   0.0153   0.0090
78   -1.39583   -72.875   28.690   973.4   27.730   1.355   1013.0   0.0157   0.0064
79   -1.37500   -72.930   28.770   973.4   27.810   1.350   1013.0   0.0104   0.0030
80   -1.35417   -72.985   28.850   973.4   27.885   1.350   1013.0   0.0081   0.0016
81   -1.33333   -73.040   28.930   973.4   27.960   1.350   1013.0   0.0121   0.0013
82   -1.31250   -73.090   29.010   973.4   28.040   1.350   1013.0   0.0110   0.0010
83   -1.29167   -73.140   29.090   973.4   28.120   1.350   1013.0   0.0055   0.0025
84   -1.27083   -73.200   29.170   973.4   28.205   1.345   1013.0   0.0098   0.0040
85   -1.25000   -73.260   29.250   973.4   28.290   1.340   1013.0   0.0137   0.0028
86   -1.22917   -73.310   29.330   973.4   28.370   1.340   1013.0   0.0152   -0.0015
87   -1.20833   -73.360   29.410   973.4   28.450   1.340   1013.0   0.0173   -0.0038
88   -1.18750   -73.420   29.490   973.4   28.535   1.340   1013.0   0.0194   -0.0026
89   -1.16667   -73.480   29.570   973.4   28.620   1.340   1013.0   0.0221   -0.0003
90   -1.14583   -73.530   29.650   973.4   28.705   1.340   1013.0   0.0244   0.0031
91   -1.12500   -73.580   29.730   973.4   28.790   1.340   1013.0   0.0245   0.0033
92   -1.10417   -73.640   29.810   973.4   28.880   1.335   1013.0   0.0170   0.0006
93   -1.08333   -73.700   29.890   973.4   28.970   1.330   1013.0   0.0143   -0.0046
94   -1.06250   -73.750   29.970   973.4   29.055   1.330   1013.0   0.0142   -0.0066
95   -1.04167   -73.800   30.050   973.4   29.140   1.330   1013.0   0.0150   -0.0062
96   -1.02083   -73.860   30.135   973.4   29.230   1.330   1013.0   0.0140   -0.0062
97   -1.00000   -73.920   30.220   973.4   29.320   1.330   1013.0   0.0146   -0.0027
98   -0.97917   -73.975   30.300   973.4   29.410   1.325   1013.0   0.0136   -0.0011
99   -0.95833   -74.030   30.380   973.4   29.500   1.320   1013.0   0.0129   -0.0022
100   -0.93750   -74.090   30.460   973.5   29.595   1.320   1013.0   0.0211   -0.0049
101   -0.91667   -74.150   30.540   973.5   29.690   1.320   1013.0   0.0248   -0.0080
102   -0.89583   -74.205   30.625   973.6   29.795   1.320   1013.0   0.0257   -0.0107
103   -0.87500   -74.260   30.710   973.7   29.900   1.320   1013.0   0.0250   -0.0082
104   -0.85417   -74.320   30.795   973.7   30.005   1.315   1013.0   0.0294   -0.0047
105   -0.83333   -74.380   30.880   973.8   30.110   1.310   1013.0   0.0293   -0.0025
106   -0.81250   -74.435   30.965   973.9   30.215   1.310   1013.0   0.0243   -0.0035
107   -0.79167   -74.490   31.050   974.0   30.320   1.310   1013.0   0.0212   -0.0065
108   -0.77083   -74.550   31.135   974.0   30.430   1.310   1013.0   0.0207   -0.0104
109   -0.75000   -74.610   31.220   974.1   30.540   1.310   1013.0   0.0248   -0.0103
110   -0.72917   -74.670   31.300   974.2   30.645   1.305   1013.0   0.0282   -0.0091
111   -0.70833   -74.730   31.380   974.3   30.750   1.300   1013.0   0.0288   -0.0049
112   -0.68750   -74.790   31.470   974.3   30.860   1.300   1013.0   0.0293   -0.0028
113   -0.66667   -74.850   31.560   974.4   30.970   1.300   1013.0   0.0328   -0.0019
114   -0.64583   -74.905   31.645   974.5   31.085   1.300   1013.0   0.0380   -0.0041
115   -0.62500   -74.960   31.730   974.6   31.200   1.300   1013.0   0.0369   -0.0076
116   -0.60417   -75.020   31.815   974.6   31.315   1.295   1013.0   0.0410   -0.0100
117   -0.58333   -75.080   31.900   974.7   31.430   1.290   1013.0   0.0452   -0.0100
118   -0.56250   -75.140   31.985   974.8   31.545   1.290   1013.0   0.0477   -0.0078
119   -0.54167   -75.200   32.070   974.9   31.660   1.290   1013.0   0.0449   -0.0022
120   -0.52083   -75.265   32.160   974.9   31.785   1.290   1013.0   0.0477   0.0016
121   -0.50000   -75.330   32.250   975.0   31.910   1.290   1013.0   0.0508   0.0021
122   -0.47917   -75.390   32.340   975.1   32.030   1.285   1013.0   0.0530   -0.0006
123   -0.45833   -75.450   32.430   975.2   32.150   1.280   1013.0   0.0608   -0.0040
124   -0.43750   -75.510   32.520   975.2   32.275   1.280   1013.0   0.0651   -0.0039
125   -0.41667   -75.570   32.610   975.3   32.400   1.280   1013.0   0.0727   -0.0007
126   -0.39583   -75.640   32.695   975.4   32.525   1.275   1013.0   0.0826   0.0046
127   -0.37500   -75.710   32.780   975.5   32.650   1.270   1013.0   0.0901   0.0073
128   -0.35417   -75.775   32.870   975.5   32.775   1.270   1013.0   0.0945   0.0081
129   -0.33333   -75.840   32.960   975.6   32.900   1.270   1013.0   0.0988   0.0079
130   -0.31250   -75.910   33.050   975.7   33.030   1.270   1013.0   0.1048   0.0072
131   -0.29167   -75.980   33.140   975.8   33.160   1.270   1013.0   0.1143   0.0084
132   -0.27083   -76.050   33.230   975.8   33.295   1.265   1013.0   0.1278   0.0104
133   -0.25000   -76.120   33.320   975.9   33.430   1.260   1013.0   0.1333   0.0127
134   -0.22917   -76.190   33.415   976.0   33.565   1.260   1013.0   0.1409   0.0171
135   -0.20833   -76.260   33.510   976.1   33.700   1.260   1013.0   0.1508   0.0219
136   -0.18750   -76.330   33.600   976.1   33.835   1.260   1013.0   0.1642   0.0260
137   -0.16667   -76.400   33.690   976.2   33.970   1.260   1013.0   0.1765   0.0269
138   -0.14583   -76.470   33.780   976.3   34.110   1.255   1013.0   0.1913   0.0274
139   -0.12500   -76.540   33.870   976.4   34.250   1.250   1013.0   0.2059   0.0292
140   -0.10417   -76.615   33.965   976.4   34.400   1.250   1013.0   0.2276   0.0325
141   -0.08333   -76.690   34.060   976.5   34.550   1.250   1013.0   0.2579   0.0361
142   -0.06250   -76.760   34.155   976.6   34.695   1.245   1013.0   0.2861   0.0398
143   -0.04167   -76.830   34.250   976.7   34.840   1.240   1013.0   0.3111   0.0421
144   -0.02083   -76.900   34.350   976.7   34.995   1.240   1013.0   0.3115   0.0419
145   0.00000   -76.970   34.450   976.8   35.150   1.240   1013.0   0.2696   0.0416
146   0.02083   -77.035   34.550   976.9   35.310   1.235   1013.0   0.1718   0.0436
147   0.04167   -77.100   34.650   977.0   35.470   1.230   1013.0   0.0438   0.0450
148   0.06250   -77.165   34.750   978.4   35.785   1.220   1013.0   -0.0768   0.0443
149   0.08333   -77.230   34.850   979.8   36.100   1.210   1013.0   -0.1098   0.0413
150   0.10417   -77.300   34.955   981.4   36.445   1.195   1013.0   -0.0907   0.0374
151   0.12500   -77.370   35.060   983.1   36.790   1.180   1013.0   -0.0716   0.0296
152   0.14583   -77.435   35.165   984.6   37.105   1.165   1013.0   -0.0483   0.0187
153   0.16667   -77.500   35.270   986.1   37.420   1.150   1013.0   -0.0323   0.0067
154   0.18750   -77.570   35.375   987.5   37.715   1.135   1013.0   -0.0120   -0.0053
155   0.20833   -77.640   35.480   988.8   38.010   1.120   1013.0   0.0199   -0.0153
156   0.22917   -77.710   35.590   990.0   38.290   1.110   1013.0   0.0527   -0.0263
157   0.25000   -77.780   35.700   991.3   38.570   1.100   1013.0   0.0796   -0.0342
158   0.27083   -77.850   35.810   992.3   38.840   1.085   1013.0   0.0881   -0.0426
159   0.29167   -77.920   35.920   993.4   39.110   1.070   1013.0   0.0662   -0.0565
160   0.31250   -77.990   36.030   994.4   39.370   1.055   1013.0   0.0170   -0.0663
161   0.33333   -78.060   36.140   995.4   39.630   1.040   1013.0   -0.0541   -0.0684
162   0.35417   -78.135   36.250   996.3   39.890   1.030   1013.0   -0.1209   -0.0731
163   0.37500   -78.210   36.360   997.2   40.150   1.020   1013.0   -0.1596   -0.0801
164   0.39583   -78.280   36.475   998.0   40.400   1.005   1013.0   -0.1632   -0.0812
165   0.41667   -78.350   36.590   998.8   40.650   0.990   1013.0   -0.1336   -0.0829
166   0.43750   -78.430   36.705   999.5   40.900   0.980   1013.0   -0.0908   -0.0858
167   0.45833   -78.510   36.820   1000.2   41.150   0.970   1013.0   -0.0568   -0.0879
168   0.47917   -78.590   36.935   1000.8   41.400   0.955   1013.0   -0.0336   -0.0908
169   0.50000   -78.670   37.050   1001.5   41.650   0.940   1013.0   -0.0249   -0.0935
170   0.52083   -78.755   37.170   1002.1   41.905   0.930   1013.0   -0.0365   -0.0941
171   0.54167   -78.840   37.290   1002.6   42.160   0.920   1013.0   -0.0523   -0.0930
172   0.56250   -78.920   37.410   1003.2   42.415   0.910   1013.0   -0.0681   -0.0898
173   0.58333   -79.000   37.530   1003.7   42.670   0.900   1013.0   -0.0807   -0.0863
174   0.60417   -79.085   37.655   1004.2   42.930   0.885   1013.0   -0.0939   -0.0843
175   0.62500   -79.170   37.780   1004.6   43.190   0.870   1013.0   -0.1046   -0.0846
176   0.64583   -79.255   37.900   1005.0   43.455   0.860   1013.0   -0.1074   -0.0855
177   0.66667   -79.340   38.020   1005.5   43.720   0.850   1013.0   -0.0996   -0.0856
178   0.68750   -79.430   38.150   1005.8   44.000   0.840   1013.0   -0.0811   -0.0850
179   0.70833   -79.520   38.280   1006.2   44.280   0.830   1013.0   -0.0553   -0.0826
180   0.72917   -79.605   38.405   1006.6   44.560   0.820   1013.0   -0.0328   -0.0782
181   0.75000   -79.605   38.405   1006.6   44.560   0.820   1013.0   -0.0328   -0.0782
182   0.77083   -79.605   38.405   1006.6   44.560   0.820   1013.0   -0.0328   -0.0782
183   0.79167   -79.605   38.405   1006.6   44.560   0.820   1013.0   -0.0328   -0.0782
184   0.81250   -79.605   38.405   1006.6   44.560   0.820   1013.0   -0.0328   -0.0782
185   0.83333   -79.605   38.405   1006.6   44.560   0.820   1013.0   -0.0328   -0.0782
186   0.85417   -79.605   38.405   1006.6   44.560   0.820   1013.0   -0.0328   -0.0782
187   0.87500   -79.605   38.405   1006.6   44.560   0.820   1013.0   -0.0328   -0.0782
188   0.89583   -79.605   38.405   1006.6   44.560   0.820   1013.0   -0.0328   -0.0782
189   0.91667   -79.605   38.405   1006.6   44.560   0.820   1013.0   -0.0328   -0.0782
190   0.93750   -79.605   38.405   1006.6   44.560   0.820   1013.0   -0.0328   -0.0782
191   0.95833   -79.605   38.405   1006.6   44.560   0.820   1013.0   -0.0328   -0.0782
192   0.97917   -79.605   38.405   1006.6   44.560   0.820   1013.0   -0.0328   -0.0782
193   1.00000   -79.605   38.405   1006.6   44.560   0.820   1013.0   -0.0328   -0.0782
