1   -3.00000   -66.800   18.720   956.9   19.230   1.530   1013.0   0.0002   0.0001
2   -2.97917   -66.920   18.800   956.9   19.265   1.530   1013.0   0.0003   0.0001
3   -2.95833   -67.040   18.880   956.9   19.300   1.530   1013.0   0.0005   0.0002
4   -2.93750   -67.160   18.960   956.9   19.340   1.530   1013.0   0.0004   0.0002
5   -2.91667   -67.280   19.040   956.9   19.380   1.530   1013.0   0.0005   0.0004
6   -2.89583   -67.400   19.120   956.9   19.415   1.525   1013.0   0.0006   0.0004
7   -2.87500   -67.520   19.200   956.9   19.450   1.520   1013.0   0.0006   0.0003
8   -2.85417   -67.645   19.280   956.9   19.490   1.520   1013.0   0.0007   0.0003
9   -2.83333   -67.770   19.360   956.9   19.530   1.520   1013.0   0.0008   0.0001
10   -2.81250   -67.890   19.440   956.9   19.565   1.520   1013.0   0.0004   0.0001
11   -2.79167   -68.010   19.520   956.9   19.600   1.520   1013.0   0.0003   0.0001
12   -2.77083   -68.130   19.600   956.9   19.640   1.520   1013.0   0.0005   0.0000
13   -2.75000   -68.250   19.680   956.9   19.680   1.520   1013.0   0.0002   0.0001
14   -2.72917   -68.370   19.760   956.9   19.715   1.515   1013.0   -0.0006   0.0003
15   -2.70833   -68.490   19.840   956.9   19.750   1.510   1013.0   -0.0001   0.0004
16   -2.68750   -68.610   19.915   956.9   19.790   1.510   1013.0   0.0004   0.0004
17   -2.66667   -68.730   19.990   956.9   19.830   1.510   1013.0   0.0009   0.0002
18   -2.64583   -68.850   20.070   956.9   19.870   1.510   1013.0   0.0008   0.0001
19   -2.62500   -68.970   20.150   956.9   19.910   1.510   1013.0   0.0006   0.0001
20   -2.60417   -69.090   20.225   956.9   19.950   1.510   1013.0   0.0011   0.0005
21   -2.58333   -69.210   20.300   956.9   19.990   1.510   1013.0   0.0014   0.0008
22   -2.56250   -69.335   20.380   956.9   20.030   1.505   1013.0   0.0014   0.0010
23   -2.54167   -69.460   20.460   956.9   20.070   1.500   1013.0   0.0013   0.0009
24   -2.52083   -69.575   20.535   956.9   20.105   1.500   1013.0   0.0014   0.0002
25   -2.50000   -69.690   20.610   956.9   20.140   1.500   1013.0   0.0005   -0.0007
26   -2.47917   -69.810   20.690   956.9   20.185   1.500   1013.0   -0.0008   -0.0007
27   -2.45833   -69.930   20.770   956.9   20.230   1.500   1013.0   -0.0008   -0.0005
28   -2.43750   -70.050   20.850   956.9   20.270   1.500   1013.0   -0.0013   -0.0002
29   -2.41667   -70.170   20.930   956.9   20.310   1.500   1013.0   -0.0015   -0.0014
30   -2.39583   -70.290   21.005   956.9   20.350   1.495   1013.0   -0.0042   -0.0012
31   -2.37500   -70.410   21.080   956.9   20.390   1.490   1013.0   -0.0034   -0.0005
32   -2.35417   -70.530   21.160   956.9   20.430   1.490   1013.0   -0.0013   0.0010
33   -2.33333   -70.650   21.240   956.9   20.470   1.490   1013.0   0.0014   0.0007
34   -2.31250   -70.765   21.315   956.9   20.515   1.490   1013.0   0.0010   -0.0001
35   -2.29167   -70.880   21.390   956.9   20.560   1.490   1013.0   0.0031   0.0009
36   -2.27083   -70.990   21.475   956.9   20.605   1.490   1013.0   0.0047   0.0018
37   -2.25000   -71.100   21.560   956.9   20.650   1.490   1013.0   0.0047   0.0012
38   -2.22917   -71.215   21.650   956.9   20.700   1.485   1013.0   0.0035   -0.0001
39   -2.20833   -71.330   21.740   956.9   20.750   1.480   1013.0   0.0019   -0.0006
40   -2.18750   -71.445   21.820   956.9   20.795   1.480   1013.0   -0.0025   0.0020
41   -2.16667   -71.560   21.900   956.9   20.840   1.480   1013.0   0.0008   0.0007
42   -2.14583   -71.670   21.985   956.9   20.890   1.480   1013.0   0.0006   0.0006
43   -2.12500   -71.780   22.070   956.9   20.940   1.480   1013.0   -0.0057   -0.0006
44   -2.10417   -71.895   22.155   956.9   20.985   1.480   1013.0   -0.0020   -0.0016
45   -2.08333   -72.010   22.240   956.9   21.030   1.480   1013.0   0.0000   0.0002
46   -2.06250   -72.120   22.320   956.9   21.080   1.475   1013.0   -0.0015   -0.0000
47   -2.04167   -72.230   22.400   956.9   21.130   1.470   1013.0   0.0033   0.0016
48   -2.02083   -72.345   22.485   956.9   21.180   1.470   1013.0   0.0008   0.0018
49   -2.00000   -72.460   22.570   956.9   21.230   1.470   1013.0   0.0001   0.0021
50   -1.97917   -72.570   22.655   956.9   21.280   1.470   1013.0   0.0049   0.0004
51   -1.95833   -72.680   22.740   956.9   21.330   1.470   1013.0   0.0013   -0.0007
52   -1.93750   -72.795   22.820   956.9   21.380   1.470   1013.0   0.0025   -0.0023
53   -1.91667   -72.910   22.900   956.9   21.430   1.470   1013.0   -0.0017   -0.0010
54   -1.89583   -73.020   22.980   956.9   21.475   1.465   1013.0   0.0007   0.0001
55   -1.87500   -73.130   23.060   956.9   21.520   1.460   1013.0   0.0007   0.0013
56   -1.85417   -73.240   23.145   956.9   21.575   1.460   1013.0   -0.0022   0.0022
57   -1.83333   -73.350   23.230   956.9   21.630   1.460   1013.0   -0.0011   0.0032
58   -1.81250   -73.455   23.320   956.9   21.685   1.460   1013.0   0.0008   0.0013
59   -1.79167   -73.560   23.410   956.9   21.740   1.460   1013.0   0.0002   -0.0007
60   -1.77083   -73.670   23.500   956.9   21.800   1.455   1013.0   0.0049   -0.0009
61   -1.75000   -73.780   23.590   956.9   21.860   1.450   1013.0   0.0029   -0.0003
62   -1.72917   -73.880   23.680   956.9   21.915   1.450   1013.0   0.0011   0.0019
63   -1.70833   -73.980   23.770   956.9   21.970   1.450   1013.0   0.0019   0.0018
64   -1.68750   -74.085   23.860   956.9   22.030   1.450   1013.0   0.0006   0.0007
65   -1.66667   -74.190   23.950   956.9   22.090   1.450   1013.0   0.0008   0.0007
66   -1.64583   -74.300   24.040   956.9   22.150   1.445   1013.0   0.0000   -0.0001
67   -1.62500   -74.410   24.130   956.9   22.210   1.440   1013.0   -0.0021   -0.0015
68   -1.60417   -74.510   24.220   956.9   22.270   1.440   1013.0   -0.0002   -0.0000
69   -1.58333   -74.610   24.310   956.9   22.330   1.440   1013.0   -0.0011   0.0002
70   -1.56250   -74.715   24.400   956.9   22.390   1.440   1013.0   0.0008   0.0013
71   -1.54167   -74.820   24.490   956.9   22.450   1.440   1013.0   0.0004   0.0032
72   -1.52083   -74.925   24.585   956.9   22.515   1.440   1013.0   0.0011   0.0014
73   -1.50000   -75.030   24.680   956.9   22.580   1.440   1013.0   0.0054   0.0010
74   -1.47917   -75.125   24.780   956.9   22.650   1.435   1013.0   0.0058   0.0029
75   -1.45833   -75.220   24.880   956.9   22.720   1.430   1013.0   0.0042   0.0015
76   -1.43750   -75.320   24.975   956.9   22.790   1.430   1013.0   0.0016   0.0006
77   -1.41667   -75.420   25.070   956.9   22.860   1.430   1013.0   0.0035   0.0002
78   -1.39583   -75.515   25.165   956.9   22.925   1.430   1013.0   -0.0003   -0.0009
79   -1.37500   -75.610   25.260   956.9   22.990   1.430   1013.0   0.0006   -0.0001
80   -1.35417   -75.710   25.360   956.9   23.065   1.425   1013.0   -0.0012   -0.0008
81   -1.33333   -75.810   25.460   956.9   23.140   1.420   1013.0   -0.0051   0.0013
82   -1.31250   -75.905   25.555   956.9   23.210   1.420   1013.0   -0.0002   0.0031
83   -1.29167   -76.000   25.650   956.9   23.280   1.420   1013.0   0.0036   0.0022
84   -1.27083   -76.100   25.750   956.9   23.350   1.420   1013.0   0.0007   0.0024
85   -1.25000   -76.200   25.850   956.9   23.420   1.420   1013.0   0.0039   0.0016
86   -1.22917   -76.295   25.945   956.9   23.495   1.415   1013.0   0.0052   0.0008
87   -1.20833   -76.390   26.040   956.9   23.570   1.410   1013.0   0.0062   0.0024
88   -1.18750   -76.485   26.140   956.9   23.645   1.410   1013.0   0.0054   0.0010
89   -1.16667   -76.580   26.240   956.9   23.720   1.410   1013.0   0.0018   0.0012
90   -1.14583   -76.670   26.340   956.9   23.800   1.410   1013.0   0.0020   0.0022
91   -1.12500   -76.760   26.440   956.9   23.880   1.410   1013.0   0.0026   0.0010
92   -1.10417   -76.840   26.555   956.9   23.970   1.405   1013.0   0.0025   0.0003
93   -1.08333   -76.920   26.670   956.9   24.060   1.400   1013.0   0.0005   0.0008
94   -1.06250   -77.000   26.780   956.9   24.145   1.400   1013.0   0.0009   0.0013
95   -1.04167   -77.080   26.890   956.9   24.230   1.400   1013.0   0.0050   0.0022
96   -1.02083   -77.165   27.000   956.9   24.325   1.395   1013.0   0.0123   0.0036
97   -1.00000   -77.250   27.110   956.9   24.420   1.390   1013.0   0.0210   0.0026
98   -0.97917   -77.330   27.220   956.9   24.510   1.390   1013.0   0.0324   0.0028
99   -0.95833   -77.410   27.330   957.0   24.600   1.390   1013.0   0.0347   0.0020
100   -0.93750   -77.490   27.445   957.1   24.710   1.390   1013.0   0.0378   0.0015
101   -0.91667   -77.570   27.560   957.2   24.820   1.390   1013.0   0.0397   0.0021
102   -0.89583   -77.650   27.670   957.3   24.925   1.385   1013.0   0.0357   0.0021
103   -0.87500   -77.730   27.780   957.4   25.030   1.380   1013.0   0.0309   0.0018
104   -0.85417   -77.810   27.890   957.5   25.145   1.380   1013.0   0.0286   0.0031
105   -0.83333   -77.890   28.000   957.6   25.260   1.380   1013.0   0.0289   0.0033
106   -0.81250   -77.960   28.120   957.7   25.380   1.375   1013.0   0.0315   0.0035
107   -0.79167   -78.030   28.240   957.8   25.500   1.370   1013.0   0.0278   0.0045
108   -0.77083   -78.070   28.370   957.9   25.630   1.370   1013.0   0.0271   0.0048
109   -0.75000   -78.110   28.500   958.0   25.760   1.370   1013.0   0.0242   0.0041
110   -0.72917   -78.150   28.630   958.1   25.890   1.365   1013.0   0.0252   0.0019
111   -0.70833   -78.190   28.760   958.2   26.020   1.360   1013.0   0.0263   0.0004
112   -0.68750   -78.230   28.895   958.3   26.160   1.360   1013.0   0.0302   0.0036
113   -0.66667   -78.270   29.030   958.4   26.300   1.360   1013.0   0.0332   0.0072
114   -0.64583   -78.305   29.160   958.5   26.440   1.355   1013.0   0.0293   0.0074
115   -0.62500   -78.340   29.290   958.6   26.580   1.350   1013.0   0.0266   0.0042
116   -0.60417   -78.380   29.425   958.8   26.725   1.350   1013.0   0.0235   0.0034
117   -0.58333   -78.420   29.560   958.9   26.870   1.350   1013.0   0.0235   0.0027
118   -0.56250   -78.460   29.690   959.0   27.015   1.345   1013.0   0.0245   0.0003
119   -0.54167   -78.500   29.820   959.1   27.160   1.340   1013.0   0.0313   -0.0062
120   -0.52083   -78.530   29.960   959.2   27.315   1.340   1013.0   0.0316   -0.0083
121   -0.50000   -78.560   30.100   959.3   27.470   1.340   1013.0   0.0361   -0.0131
122   -0.47917   -78.565   30.240   959.4   27.630   1.335   1013.0   0.0386   -0.0161
123   -0.45833   -78.570   30.380   959.5   27.790   1.330   1013.0   0.0413   -0.0181
124   -0.43750   -78.580   30.520   959.6   27.950   1.330   1013.0   0.0417   -0.0191
125   -0.41667   -78.590   30.660   959.7   28.110   1.330   1013.0   0.0408   -0.0241
126   -0.39583   -78.595   30.805   959.8   28.285   1.325   1013.0   0.0407   -0.0247
127   -0.37500   -78.600   30.950   959.9   28.460   1.320   1013.0   0.0347   -0.0239
128   -0.35417   -78.610   31.090   960.0   28.635   1.320   1013.0   0.0454   -0.0260
129   -0.33333   -78.620   31.230   960.1   28.810   1.320   1013.0   0.0476   -0.0294
130   -0.31250   -78.630   31.375   960.2   28.985   1.315   1013.0   0.0551   -0.0321
131   -0.29167   -78.640   31.520   960.4   29.160   1.310   1013.0   0.0614   -0.0372
132   -0.27083   -78.640   31.665   960.5   29.345   1.305   1013.0   0.0769   -0.0398
133   -0.25000   -78.640   31.810   960.6   29.530   1.300   1013.0   0.0862   -0.0420
134   -0.22917   -78.630   31.960   960.7   29.720   1.300   1013.0   0.1032   -0.0437
135   -0.20833   -78.620   32.110   960.8   29.910   1.300   1013.0   0.1162   -0.0465
136   -0.18750   -78.615   32.260   960.9   30.105   1.295   1013.0   0.1389   -0.0455
137   -0.16667   -78.610   32.410   961.0   30.300   1.290   1013.0   0.1573   -0.0441
138   -0.14583   -78.600   32.560   961.1   30.500   1.290   1013.0   0.1813   -0.0457
139   -0.12500   -78.590   32.710   961.2   30.700   1.290   1013.0   0.2086   -0.0468
140   -0.10417   -78.585   32.865   961.3   30.910   1.285   1013.0   0.2459   -0.0458
141   -0.08333   -78.580   33.020   961.4   31.120   1.280   1013.0   0.2983   -0.0494
142   -0.06250   -78.560   33.180   961.5   31.340   1.275   1013.0   0.3625   -0.0535
143   -0.04167   -78.540   33.340   961.6   31.560   1.270   1013.0   0.4596   -0.0601
144   -0.02083   -78.515   33.500   961.7   31.785   1.270   1013.0   0.5970   -0.0612
145   0.00000   -78.490   33.660   961.8   32.010   1.270   1013.0   0.8043   -0.0617
146   0.02083   -78.460   33.815   963.0   32.405   1.265   1013.0   1.0730   -0.0599
147   0.04167   -78.430   33.970   964.2   32.800   1.260   1013.0   1.3579   -0.0611
148   0.06250   -78.405   34.135   968.3   33.585   1.245   1013.0   1.4805   -0.0627
149   0.08333   -78.380   34.300   972.3   34.370   1.230   1013.0   1.2731   -0.0662
150   0.10417   -78.350   34.460   975.7   35.020   1.215   1013.0   0.8093   -0.0670
151   0.12500   -78.320   34.620   979.0   35.670   1.200   1013.0   0.2821   -0.0695
152   0.14583   -78.290   34.795   981.8   36.230   1.185   1013.0   -0.1553   -0.0709
153   0.16667   -78.260   34.970   984.6   36.790   1.170   1013.0   -0.4978   -0.0747
154   0.18750   -78.230   35.135   987.0   37.270   1.155   1013.0   -0.6265   -0.0816
155   0.20833   -78.200   35.300   989.3   37.750   1.140   1013.0   -0.4994   -0.0961
156   0.22917   -78.170   35.480   991.3   38.200   1.125   1013.0   -0.3244   -0.1119
157   0.25000   -78.140   35.660   993.2   38.650   1.110   1013.0   -0.2052   -0.1232
158   0.27083   -78.110   35.835   994.9   39.065   1.100   1013.0   -0.1726   -0.1299
159   0.29167   -78.080   36.010   996.5   39.480   1.090   1013.0   -0.1469   -0.1393
160   0.31250   -78.050   36.195   997.9   39.880   1.075   1013.0   -0.0133   -0.1510
161   0.33333   -78.020   36.380   999.2   40.280   1.060   1013.0   0.1887   -0.1552
162   0.35417   -77.985   36.565   1000.4   40.680   1.050   1013.0   0.2890   -0.1518
163   0.37500   -77.950   36.750   1001.5   41.080   1.040   1013.0   0.1900   -0.1540
164   0.39583   -77.915   36.940   1002.4   41.480   1.025   1013.0   -0.0340   -0.1689
165   0.41667   -77.880   37.130   1003.4   41.880   1.010   1013.0   -0.2844   -0.1831
166   0.43750   -77.845   37.330   1004.2   42.295   1.000   1013.0   -0.4678   -0.1801
167   0.45833   -77.810   37.530   1005.0   42.710   0.990   1013.0   -0.5113   -0.1867
168   0.47917   -77.770   37.735   1005.6   43.145   0.975   1013.0   -0.4259   -0.1849
169   0.50000   -77.730   37.940   1006.3   43.580   0.960   1013.0   -0.2440   -0.1975
170   0.52083   -77.690   38.145   1006.9   44.025   0.950   1013.0   -0.0154   -0.2107
171   0.54167   -77.690   38.145   1006.9   44.025   0.950   1013.0   -0.0154   -0.2107
172   0.56250   -77.690   38.145   1006.9   44.025   0.950   1013.0   -0.0154   -0.2107
173   0.58333   -77.690   38.145   1006.9   44.025   0.950   1013.0   -0.0154   -0.2107
174   0.60417   -77.690   38.145   1006.9   44.025   0.950   1013.0   -0.0154   -0.2107
175   0.62500   -77.690   38.145   1006.9   44.025   0.950   1013.0   -0.0154   -0.2107
176   0.64583   -77.690   38.145   1006.9   44.025   0.950   1013.0   -0.0154   -0.2107
177   0.66667   -77.690   38.145   1006.9   44.025   0.950   1013.0   -0.0154   -0.2107
178   0.68750   -77.690   38.145   1006.9   44.025   0.950   1013.0   -0.0154   -0.2107
179   0.70833   -77.690   38.145   1006.9   44.025   0.950   1013.0   -0.0154   -0.2107
180   0.72917   -77.690   38.145   1006.9   44.025   0.950   1013.0   -0.0154   -0.2107
181   0.75000   -77.690   38.145   1006.9   44.025   0.950   1013.0   -0.0154   -0.2107
182   0.77083   -77.690   38.145   1006.9   44.025   0.950   1013.0   -0.0154   -0.2107
183   0.79167   -77.690   38.145   1006.9   44.025   0.950   1013.0   -0.0154   -0.2107
184   0.81250   -77.690   38.145   1006.9   44.025   0.950   1013.0   -0.0154   -0.2107
185   0.83333   -77.690   38.145   1006.9   44.025   0.950   1013.0   -0.0154   -0.2107
186   0.85417   -77.690   38.145   1006.9   44.025   0.950   1013.0   -0.0154   -0.2107
187   0.87500   -77.690   38.145   1006.9   44.025   0.950   1013.0   -0.0154   -0.2107
188   0.89583   -77.690   38.145   1006.9   44.025   0.950   1013.0   -0.0154   -0.2107
189   0.91667   -77.690   38.145   1006.9   44.025   0.950   1013.0   -0.0154   -0.2107
190   0.93750   -77.690   38.145   1006.9   44.025   0.950   1013.0   -0.0154   -0.2107
191   0.95833   -77.690   38.145   1006.9   44.025   0.950   1013.0   -0.0154   -0.2107
192   0.97917   -77.690   38.145   1006.9   44.025   0.950   1013.0   -0.0154   -0.2107
193   1.00000   -77.690   38.145   1006.9   44.025   0.950   1013.0   -0.0154   -0.2107
