1   -3.00000   -73.810   22.140   973.4   66.000   1.230   1013.0   0.0277   0.0021
2   -2.97917   -73.885   22.200   973.4   66.100   1.225   1013.0   0.0283   0.0040
3   -2.95833   -73.960   22.260   973.4   66.200   1.220   1013.0   0.0281   0.0057
4   -2.93750   -74.040   22.315   973.4   66.305   1.220   1013.0   0.0286   0.0060
5   -2.91667   -74.120   22.370   973.4   66.410   1.220   1013.0   0.0289   0.0058
6   -2.89583   -74.195   22.425   973.4   66.515   1.220   1013.0   0.0293   0.0050
7   -2.87500   -74.270   22.480   973.4   66.620   1.220   1013.0   0.0290   0.0037
8   -2.85417   -74.345   22.535   973.4   66.720   1.220   1013.0   0.0281   0.0028
9   -2.83333   -74.420   22.590   973.4   66.820   1.220   1013.0   0.0269   0.0038
10   -2.81250   -74.500   22.645   973.4   66.925   1.215   1013.0   0.0272   0.0059
11   -2.79167   -74.580   22.700   973.4   67.030   1.210   1013.0   0.0268   0.0063
12   -2.77083   -74.655   22.755   973.4   67.135   1.210   1013.0   0.0257   0.0060
13   -2.75000   -74.730   22.810   973.4   67.240   1.210   1013.0   0.0260   0.0055
14   -2.72917   -74.805   22.865   973.4   67.350   1.210   1013.0   0.0279   0.0047
15   -2.70833   -74.880   22.920   973.4   67.460   1.210   1013.0   0.0284   0.0043
16   -2.68750   -74.960   22.980   973.4   67.565   1.210   1013.0   0.0272   0.0048
17   -2.66667   -75.040   23.040   973.4   67.670   1.210   1013.0   0.0284   0.0059
18   -2.64583   -75.115   23.095   973.4   67.780   1.205   1013.0   0.0287   0.0064
19   -2.62500   -75.190   23.150   973.4   67.890   1.200   1013.0   0.0285   0.0056
20   -2.60417   -75.270   23.205   973.4   68.000   1.200   1013.0   0.0284   0.0050
21   -2.58333   -75.350   23.260   973.4   68.110   1.200   1013.0   0.0279   0.0054
22   -2.56250   -75.425   23.315   973.4   68.220   1.200   1013.0   0.0289   0.0063
23   -2.54167   -75.500   23.370   973.4   68.330   1.200   1013.0   0.0298   0.0065
24   -2.52083   -75.575   23.425   973.4   68.440   1.200   1013.0   0.0293   0.0067
25   -2.50000   -75.650   23.480   973.4   68.550   1.200   1013.0   0.0284   0.0068
26   -2.47917   -75.725   23.535   973.4   68.655   1.195   1013.0   0.0292   0.0063
27   -2.45833   -75.800   23.590   973.4   68.760   1.190   1013.0   0.0297   0.0048
28   -2.43750   -75.865   23.660   973.4   68.900   1.190   1013.0   0.0280   0.0037
29   -2.41667   -75.930   23.730   973.4   69.040   1.190   1013.0   0.0278   0.0033
30   -2.39583   -75.990   23.805   973.4   69.190   1.190   1013.0   0.0294   0.0032
31   -2.37500   -76.050   23.880   973.4   69.340   1.190   1013.0   0.0293   0.0032
32   -2.35417   -76.105   23.945   973.4   69.485   1.185   1013.0   0.0288   0.0033
33   -2.33333   -76.160   24.010   973.4   69.630   1.180   1013.0   0.0294   0.0032
34   -2.31250   -76.220   24.085   973.4   69.785   1.180   1013.0   0.0285   0.0026
35   -2.29167   -76.280   24.160   973.4   69.940   1.180   1013.0   0.0261   0.0019
36   -2.27083   -76.335   24.230   973.4   70.085   1.180   1013.0   0.0251   0.0013
37   -2.25000   -76.390   24.300   973.4   70.230   1.180   1013.0   0.0242   0.0014
38   -2.22917   -76.450   24.375   973.4   70.390   1.175   1013.0   0.0246   0.0013
39   -2.20833   -76.510   24.450   973.4   70.550   1.170   1013.0   0.0267   0.0011
40   -2.18750   -76.570   24.525   973.4   70.705   1.170   1013.0   0.0275   0.0012
41   -2.16667   -76.630   24.600   973.4   70.860   1.170   1013.0   0.0292   0.0021
42   -2.14583   -76.690   24.670   973.4   71.015   1.165   1013.0   0.0318   0.0025
43   -2.12500   -76.750   24.740   973.4   71.170   1.160   1013.0   0.0316   0.0031
44   -2.10417   -76.810   24.810   973.4   71.330   1.160   1013.0   0.0314   0.0033
45   -2.08333   -76.870   24.880   973.4   71.490   1.160   1013.0   0.0322   0.0030
46   -2.06250   -76.925   24.950   973.4   71.645   1.160   1013.0   0.0316   0.0016
47   -2.04167   -76.980   25.020   973.4   71.800   1.160   1013.0   0.0294   0.0010
48   -2.02083   -77.040   25.095   973.4   71.965   1.155   1013.0   0.0284   0.0009
49   -2.00000   -77.100   25.170   973.4   72.130   1.150   1013.0   0.0292   0.0017
50   -1.97917   -77.160   25.240   973.4   72.285   1.150   1013.0   0.0307   0.0019
51   -1.95833   -77.220   25.310   973.4   72.440   1.150   1013.0   0.0308   0.0018
52   -1.93750   -77.275   25.385   973.4   72.610   1.150   1013.0   0.0313   0.0023
53   -1.91667   -77.330   25.460   973.4   72.780   1.150   1013.0   0.0338   0.0028
54   -1.89583   -77.390   25.530   973.4   72.940   1.145   1013.0   0.0352   0.0029
55   -1.87500   -77.450   25.600   973.4   73.100   1.140   1013.0   0.0351   0.0027
56   -1.85417   -77.505   25.675   973.4   73.280   1.140   1013.0   0.0343   0.0017
57   -1.83333   -77.560   25.750   973.4   73.460   1.140   1013.0   0.0334   0.0004
58   -1.81250   -77.600   25.830   973.4   73.650   1.135   1013.0   0.0329   -0.0006
59   -1.79167   -77.640   25.910   973.4   73.840   1.130   1013.0   0.0325   -0.0014
60   -1.77083   -77.685   25.995   973.4   74.040   1.130   1013.0   0.0325   -0.0013
61   -1.75000   -77.730   26.080   973.4   74.240   1.130   1013.0   0.0330   -0.0002
62   -1.72917   -77.770   26.160   973.4   74.430   1.130   1013.0   0.0345   0.0008
63   -1.70833   -77.810   26.240   973.4   74.620   1.130   1013.0   0.0349   0.0014
64   -1.68750   -77.855   26.320   973.4   74.815   1.125   1013.0   0.0344   0.0026
65   -1.66667   -77.900   26.400   973.4   75.010   1.120   1013.0   0.0360   0.0028
66   -1.64583   -77.945   26.480   973.4   75.220   1.120   1013.0   0.0387   0.0018
67   -1.62500   -77.990   26.560   973.4   75.430   1.120   1013.0   0.0390   0.0001
68   -1.60417   -78.030   26.640   973.4   75.630   1.115   1013.0   0.0394   -0.0009
69   -1.58333   -78.070   26.720   973.4   75.830   1.110   1013.0   0.0409   -0.0005
70   -1.56250   -78.110   26.800   973.4   76.030   1.110   1013.0   0.0417   0.0003
71   -1.54167   -78.150   26.880   973.4   76.230   1.110   1013.0   0.0409   0.0012
72   -1.52083   -78.195   26.965   973.4   76.445   1.105   1013.0   0.0413   0.0014
73   -1.50000   -78.240   27.050   973.4   76.660   1.100   1013.0   0.0426   0.0017
74   -1.47917   -78.285   27.130   973.4   76.865   1.100   1013.0   0.0453   0.0016
75   -1.45833   -78.330   27.210   973.4   77.070   1.100   1013.0   0.0474   0.0007
76   -1.43750   -78.375   27.295   973.4   77.290   1.095   1013.0   0.0485   -0.0010
77   -1.41667   -78.420   27.380   973.4   77.510   1.090   1013.0   0.0483   -0.0022
78   -1.39583   -78.455   27.460   973.4   77.725   1.090   1013.0   0.0496   -0.0027
79   -1.37500   -78.490   27.540   973.4   77.940   1.090   1013.0   0.0496   -0.0021
80   -1.35417   -78.500   27.630   973.4   78.180   1.090   1013.0   0.0461   -0.0025
81   -1.33333   -78.510   27.720   973.4   78.420   1.090   1013.0   0.0443   -0.0049
82   -1.31250   -78.515   27.810   973.4   78.660   1.085   1013.0   0.0428   -0.0071
83   -1.29167   -78.520   27.900   973.4   78.900   1.080   1013.0   0.0415   -0.0077
84   -1.27083   -78.525   27.995   973.4   79.160   1.075   1013.0   0.0415   -0.0080
85   -1.25000   -78.530   28.090   973.4   79.420   1.070   1013.0   0.0426   -0.0084
86   -1.22917   -78.535   28.180   973.4   79.670   1.070   1013.0   0.0414   -0.0083
87   -1.20833   -78.540   28.270   973.4   79.920   1.070   1013.0   0.0438   -0.0085
88   -1.18750   -78.545   28.360   973.4   80.175   1.065   1013.0   0.0496   -0.0075
89   -1.16667   -78.550   28.450   973.4   80.430   1.060   1013.0   0.0542   -0.0067
90   -1.14583   -78.555   28.545   973.4   80.700   1.060   1013.0   0.0587   -0.0069
91   -1.12500   -78.560   28.640   973.4   80.970   1.060   1013.0   0.0653   -0.0076
92   -1.10417   -78.570   28.730   973.4   81.230   1.055   1013.0   0.0673   -0.0090
93   -1.08333   -78.580   28.820   973.4   81.490   1.050   1013.0   0.0690   -0.0091
94   -1.06250   -78.585   28.915   973.4   81.770   1.050   1013.0   0.0719   -0.0095
95   -1.04167   -78.590   29.010   973.4   82.050   1.050   1013.0   0.0747   -0.0093
96   -1.02083   -78.595   29.100   973.4   82.315   1.045   1013.0   0.0758   -0.0089
97   -1.00000   -78.600   29.190   973.4   82.580   1.040   1013.0   0.0768   -0.0084
98   -0.97917   -78.605   29.285   973.4   82.865   1.040   1013.0   0.0814   -0.0086
99   -0.95833   -78.610   29.380   973.4   83.150   1.040   1013.0   0.0848   -0.0088
100   -0.93750   -78.615   29.470   973.5   83.440   1.035   1013.0   0.0874   -0.0100
101   -0.91667   -78.620   29.560   973.5   83.730   1.030   1013.0   0.0893   -0.0122
102   -0.89583   -78.615   29.655   973.6   84.050   1.030   1013.0   0.0915   -0.0142
103   -0.87500   -78.610   29.750   973.7   84.370   1.030   1013.0   0.0970   -0.0135
104   -0.85417   -78.610   29.845   973.7   84.690   1.025   1013.0   0.1040   -0.0127
105   -0.83333   -78.610   29.940   973.8   85.010   1.020   1013.0   0.1117   -0.0118
106   -0.81250   -78.610   30.035   973.9   85.335   1.015   1013.0   0.1173   -0.0114
107   -0.79167   -78.610   30.130   974.0   85.660   1.010   1013.0   0.1226   -0.0108
108   -0.77083   -78.610   30.225   974.0   85.990   1.010   1013.0   0.1323   -0.0111
109   -0.75000   -78.610   30.320   974.1   86.320   1.010   1013.0   0.1421   -0.0117
110   -0.72917   -78.605   30.415   974.2   86.650   1.005   1013.0   0.1481   -0.0114
111   -0.70833   -78.600   30.510   974.3   86.980   1.000   1013.0   0.1568   -0.0108
112   -0.68750   -78.600   30.605   974.3   87.320   1.000   1013.0   0.1673   -0.0095
113   -0.66667   -78.600   30.700   974.4   87.660   1.000   1013.0   0.1758   -0.0075
114   -0.64583   -78.600   30.795   974.5   88.020   0.995   1013.0   0.1843   -0.0072
115   -0.62500   -78.600   30.890   974.6   88.380   0.990   1013.0   0.1949   -0.0084
116   -0.60417   -78.595   30.990   974.6   88.725   0.985   1013.0   0.2065   -0.0094
117   -0.58333   -78.590   31.090   974.7   89.070   0.980   1013.0   0.2184   -0.0089
118   -0.56250   -78.590   31.190   974.8   89.440   0.980   1013.0   0.2337   -0.0082
119   -0.54167   -78.590   31.290   974.9   89.810   0.980   1013.0   0.2531   -0.0068
120   -0.52083   -78.590   31.385   974.9   90.185   0.975   1013.0   0.2703   -0.0047
121   -0.50000   -78.590   31.480   975.0   90.560   0.970   1013.0   0.2866   -0.0030
122   -0.47917   -78.590   31.580   975.1   90.940   0.965   1013.0   0.3053   -0.0034
123   -0.45833   -78.590   31.680   975.2   91.320   0.960   1013.0   0.3193   -0.0048
124   -0.43750   -78.575   31.780   975.2   91.700   0.960   1013.0   0.3333   -0.0062
125   -0.41667   -78.560   31.880   975.3   92.080   0.960   1013.0   0.3529   -0.0073
126   -0.39583   -78.540   31.980   975.4   92.465   0.955   1013.0   0.3710   -0.0082
127   -0.37500   -78.520   32.080   975.5   92.850   0.950   1013.0   0.3891   -0.0079
128   -0.35417   -78.495   32.180   975.5   93.255   0.945   1013.0   0.4093   -0.0060
129   -0.33333   -78.470   32.280   975.6   93.660   0.940   1013.0   0.4331   -0.0028
130   -0.31250   -78.450   32.380   975.7   94.055   0.935   1013.0   0.4648   -0.0003
131   -0.29167   -78.430   32.480   975.8   94.450   0.930   1013.0   0.5023   0.0017
132   -0.27083   -78.410   32.580   975.8   94.865   0.930   1013.0   0.5447   0.0028
133   -0.25000   -78.390   32.680   975.9   95.280   0.930   1013.0   0.5903   0.0040
134   -0.22917   -78.365   32.785   976.0   95.705   0.925   1013.0   0.6423   0.0057
135   -0.20833   -78.340   32.890   976.1   96.130   0.920   1013.0   0.6995   0.0073
136   -0.18750   -78.315   32.995   976.1   96.580   0.915   1013.0   0.7609   0.0092
137   -0.16667   -78.290   33.100   976.2   97.030   0.910   1013.0   0.8281   0.0128
138   -0.14583   -78.270   33.205   976.3   97.465   0.905   1013.0   0.9009   0.0165
139   -0.12500   -78.250   33.310   976.4   97.900   0.900   1013.0   0.9721   0.0184
140   -0.10417   -78.225   33.415   976.4   98.360   0.900   1013.0   1.0342   0.0195
141   -0.08333   -78.200   33.520   976.5   98.820   0.900   1013.0   1.0824   0.0216
142   -0.06250   -78.180   33.630   976.6   99.290   0.895   1013.0   1.1052   0.0238
143   -0.04167   -78.160   33.740   976.7   99.760   0.890   1013.0   1.0884   0.0255
144   -0.02083   -78.125   33.845   976.7   100.225   0.885   1013.0   1.0242   0.0246
145   0.00000   -78.090   33.950   976.8   100.690   0.880   1013.0   0.9126   0.0209
146   0.02083   -78.020   34.045   976.9   101.135   0.875   1013.0   0.7763   0.0167
147   0.04167   -77.950   34.140   977.0   101.580   0.870   1013.0   0.6415   0.0171
148   0.06250   -77.885   34.235   978.0   102.345   0.870   1013.0   0.5197   0.0194
149   0.08333   -77.820   34.330   979.1   103.110   0.870   1013.0   0.4022   0.0231
150   0.10417   -77.750   34.435   980.5   103.980   0.865   1013.0   0.2455   0.0266
151   0.12500   -77.680   34.540   981.8   104.850   0.860   1013.0   0.0468   0.0241
152   0.14583   -77.610   34.635   983.0   105.650   0.855   1013.0   -0.1438   0.0170
153   0.16667   -77.540   34.730   984.3   106.450   0.850   1013.0   -0.2782   0.0120
154   0.18750   -77.470   34.835   985.4   107.235   0.850   1013.0   -0.3545   0.0114
155   0.20833   -77.400   34.940   986.5   108.020   0.850   1013.0   -0.3927   0.0130
156   0.22917   -77.325   35.040   987.6   108.765   0.845   1013.0   -0.4159   0.0141
157   0.25000   -77.250   35.140   988.6   109.510   0.840   1013.0   -0.4379   0.0123
158   0.27083   -77.180   35.245   989.6   110.230   0.835   1013.0   -0.4536   0.0067
159   0.29167   -77.110   35.350   990.5   110.950   0.830   1013.0   -0.4487   0.0004
160   0.31250   -77.040   35.450   991.4   111.650   0.830   1013.0   -0.4185   -0.0041
161   0.33333   -76.970   35.550   992.3   112.350   0.830   1013.0   -0.3772   -0.0099
162   0.35417   -76.895   35.655   993.1   113.050   0.825   1013.0   -0.3420   -0.0156
163   0.37500   -76.820   35.760   993.9   113.750   0.820   1013.0   -0.3176   -0.0228
164   0.39583   -76.740   35.870   994.7   114.460   0.815   1013.0   -0.3056   -0.0294
165   0.41667   -76.660   35.980   995.4   115.170   0.810   1013.0   -0.3036   -0.0406
166   0.43750   -76.585   36.085   996.1   115.835   0.810   1013.0   -0.3063   -0.0583
167   0.45833   -76.510   36.190   996.8   116.500   0.810   1013.0   -0.3008   -0.0793
168   0.47917   -76.425   36.305   997.4   117.200   0.805   1013.0   -0.2898   -0.1093
169   0.50000   -76.340   36.420   998.1   117.900   0.800   1013.0   -0.2768   -0.1437
170   0.52083   -76.260   36.525   998.7   118.575   0.800   1013.0   -0.2562   -0.1785
171   0.54167   -76.180   36.630   999.2   119.250   0.800   1013.0   -0.2368   -0.2087
172   0.56250   -76.095   36.745   999.8   119.940   0.795   1013.0   -0.2268   -0.2319
173   0.58333   -76.010   36.860   1000.3   120.630   0.790   1013.0   -0.2219   -0.2454
174   0.60417   -75.925   36.975   1000.8   121.345   0.785   1013.0   -0.2194   -0.2504
175   0.62500   -75.840   37.090   1001.3   122.060   0.780   1013.0   -0.2160   -0.2498
176   0.64583   -75.750   37.205   1001.8   122.775   0.780   1013.0   -0.2098   -0.2465
177   0.66667   -75.660   37.320   1002.2   123.490   0.780   1013.0   -0.2041   -0.2422
178   0.68750   -75.575   37.440   1002.7   124.210   0.775   1013.0   -0.1997   -0.2389
179   0.70833   -75.490   37.560   1003.1   124.930   0.770   1013.0   -0.1935   -0.2363
180   0.72917   -75.400   37.680   1003.5   125.675   0.765   1013.0   -0.1871   -0.2335
181   0.75000   -75.310   37.800   1003.9   126.420   0.760   1013.0   -0.1829   -0.2295
182   0.77083   -75.215   37.920   1004.2   127.190   0.760   1013.0   -0.1759   -0.2228
183   0.79167   -75.120   38.040   1004.6   127.960   0.760   1013.0   -0.1629   -0.2185
184   0.81250   -75.025   38.160   1004.9   128.735   0.755   1013.0   -0.1494   -0.2105
185   0.83333   -74.930   38.280   1005.2   129.510   0.750   1013.0   -0.1416   -0.2014
186   0.85417   -74.830   38.410   1005.6   130.325   0.750   1013.0   -0.1421   -0.1978
187   0.87500   -74.830   38.410   1005.6   130.325   0.750   1013.0   -0.1421   -0.1978
188   0.89583   -74.830   38.410   1005.6   130.325   0.750   1013.0   -0.1421   -0.1978
189   0.91667   -74.830   38.410   1005.6   130.325   0.750   1013.0   -0.1421   -0.1978
190   0.93750   -74.830   38.410   1005.6   130.325   0.750   1013.0   -0.1421   -0.1978
191   0.95833   -74.830   38.410   1005.6   130.325   0.750   1013.0   -0.1421   -0.1978
192   0.97917   -74.830   38.410   1005.6   130.325   0.750   1013.0   -0.1421   -0.1978
193   1.00000   -74.830   38.410   1005.6   130.325   0.750   1013.0   -0.1421   -0.1978
