1   -3.00000   -74.050   29.180   922.8   61.040   0.890   1013.0   0.1946   0.1066
2   -2.97917   -74.070   29.215   922.8   61.115   0.890   1013.0   0.1953   0.1041
3   -2.95833   -74.090   29.250   922.8   61.190   0.890   1013.0   0.1958   0.1031
4   -2.93750   -74.115   29.285   922.8   61.265   0.890   1013.0   0.1936   0.1045
5   -2.91667   -74.140   29.320   922.8   61.340   0.890   1013.0   0.1944   0.1064
6   -2.89583   -74.160   29.350   922.8   61.410   0.890   1013.0   0.1987   0.1091
7   -2.87500   -74.180   29.380   922.8   61.480   0.890   1013.0   0.2011   0.1114
8   -2.85417   -74.205   29.415   922.8   61.555   0.890   1013.0   0.2062   0.1124
9   -2.83333   -74.230   29.450   922.8   61.630   0.890   1013.0   0.2140   0.1153
10   -2.81250   -74.255   29.480   922.8   61.705   0.890   1013.0   0.2190   0.1179
11   -2.79167   -74.280   29.510   922.8   61.780   0.890   1013.0   0.2227   0.1176
12   -2.77083   -74.300   29.545   922.8   61.855   0.885   1013.0   0.2259   0.1171
13   -2.75000   -74.320   29.580   922.8   61.930   0.880   1013.0   0.2286   0.1189
14   -2.72917   -74.340   29.610   922.8   61.995   0.880   1013.0   0.2334   0.1210
15   -2.70833   -74.360   29.640   922.8   62.060   0.880   1013.0   0.2361   0.1231
16   -2.68750   -74.385   29.670   922.8   62.135   0.880   1013.0   0.2375   0.1260
17   -2.66667   -74.410   29.700   922.8   62.210   0.880   1013.0   0.2410   0.1278
18   -2.64583   -74.430   29.735   922.8   62.285   0.880   1013.0   0.2454   0.1287
19   -2.62500   -74.450   29.770   922.8   62.360   0.880   1013.0   0.2493   0.1309
20   -2.60417   -74.475   29.800   922.8   62.440   0.880   1013.0   0.2527   0.1337
21   -2.58333   -74.500   29.830   922.8   62.520   0.880   1013.0   0.2580   0.1356
22   -2.56250   -74.520   29.865   922.8   62.595   0.880   1013.0   0.2634   0.1372
23   -2.54167   -74.540   29.900   922.8   62.670   0.880   1013.0   0.2665   0.1378
24   -2.52083   -74.565   29.935   922.8   62.745   0.875   1013.0   0.2693   0.1362
25   -2.50000   -74.590   29.970   922.8   62.820   0.870   1013.0   0.2708   0.1361
26   -2.47917   -74.610   30.000   922.8   62.900   0.870   1013.0   0.2726   0.1391
27   -2.45833   -74.630   30.030   922.8   62.980   0.870   1013.0   0.2778   0.1416
28   -2.43750   -74.655   30.070   922.8   63.065   0.870   1013.0   0.2820   0.1440
29   -2.41667   -74.680   30.110   922.8   63.150   0.870   1013.0   0.2862   0.1483
30   -2.39583   -74.705   30.140   922.8   63.225   0.870   1013.0   0.2924   0.1530
31   -2.37500   -74.730   30.170   922.8   63.300   0.870   1013.0   0.2984   0.1575
32   -2.35417   -74.755   30.205   922.8   63.380   0.870   1013.0   0.3055   0.1609
33   -2.33333   -74.780   30.240   922.8   63.460   0.870   1013.0   0.3159   0.1617
34   -2.31250   -74.800   30.270   922.8   63.540   0.870   1013.0   0.3219   0.1616
35   -2.29167   -74.820   30.300   922.8   63.620   0.870   1013.0   0.3230   0.1627
36   -2.27083   -74.845   30.335   922.8   63.700   0.865   1013.0   0.3281   0.1640
37   -2.25000   -74.870   30.370   922.8   63.780   0.860   1013.0   0.3353   0.1658
38   -2.22917   -74.890   30.405   922.8   63.855   0.860   1013.0   0.3391   0.1667
39   -2.20833   -74.910   30.440   922.8   63.930   0.860   1013.0   0.3388   0.1677
40   -2.18750   -74.935   30.470   922.8   64.010   0.860   1013.0   0.3389   0.1718
41   -2.16667   -74.960   30.500   922.8   64.090   0.860   1013.0   0.3431   0.1767
42   -2.14583   -74.980   30.535   922.8   64.170   0.860   1013.0   0.3504   0.1804
43   -2.12500   -75.000   30.570   922.8   64.250   0.860   1013.0   0.3569   0.1836
44   -2.10417   -75.025   30.605   922.8   64.340   0.860   1013.0   0.3617   0.1846
45   -2.08333   -75.050   30.640   922.8   64.430   0.860   1013.0   0.3685   0.1864
46   -2.06250   -75.075   30.675   922.8   64.510   0.860   1013.0   0.3775   0.1912
47   -2.04167   -75.100   30.710   922.8   64.590   0.860   1013.0   0.3875   0.1951
48   -2.02083   -75.125   30.740   922.8   64.675   0.855   1013.0   0.3930   0.1962
49   -2.00000   -75.150   30.770   922.8   64.760   0.850   1013.0   0.3959   0.1966
50   -1.97917   -75.170   30.805   922.8   64.840   0.850   1013.0   0.4005   0.1986
51   -1.95833   -75.190   30.840   922.8   64.920   0.850   1013.0   0.4055   0.2026
52   -1.93750   -75.215   30.875   922.8   65.010   0.850   1013.0   0.4116   0.2071
53   -1.91667   -75.240   30.910   922.8   65.100   0.850   1013.0   0.4164   0.2112
54   -1.89583   -75.265   30.945   922.8   65.185   0.850   1013.0   0.4224   0.2156
55   -1.87500   -75.290   30.980   922.8   65.270   0.850   1013.0   0.4304   0.2202
56   -1.85417   -75.310   31.010   922.8   65.350   0.850   1013.0   0.4372   0.2241
57   -1.83333   -75.330   31.040   922.8   65.430   0.850   1013.0   0.4428   0.2256
58   -1.81250   -75.355   31.075   922.8   65.515   0.845   1013.0   0.4463   0.2265
59   -1.79167   -75.380   31.110   922.8   65.600   0.840   1013.0   0.4511   0.2287
60   -1.77083   -75.405   31.145   922.8   65.695   0.840   1013.0   0.4601   0.2317
61   -1.75000   -75.430   31.180   922.8   65.790   0.840   1013.0   0.4659   0.2363
62   -1.72917   -75.455   31.215   922.8   65.875   0.840   1013.0   0.4692   0.2400
63   -1.70833   -75.480   31.250   922.8   65.960   0.840   1013.0   0.4770   0.2439
64   -1.68750   -75.505   31.285   922.8   66.055   0.840   1013.0   0.4851   0.2488
65   -1.66667   -75.530   31.320   922.8   66.150   0.840   1013.0   0.4932   0.2529
66   -1.64583   -75.550   31.355   922.8   66.230   0.840   1013.0   0.5025   0.2562
67   -1.62500   -75.570   31.390   922.8   66.310   0.840   1013.0   0.5091   0.2599
68   -1.60417   -75.595   31.420   922.8   66.395   0.835   1013.0   0.5151   0.2653
69   -1.58333   -75.620   31.450   922.8   66.480   0.830   1013.0   0.5252   0.2688
70   -1.56250   -75.645   31.490   922.8   66.580   0.830   1013.0   0.5335   0.2717
71   -1.54167   -75.670   31.530   922.8   66.680   0.830   1013.0   0.5373   0.2747
72   -1.52083   -75.690   31.560   922.8   66.765   0.830   1013.0   0.5419   0.2759
73   -1.50000   -75.710   31.590   922.8   66.850   0.830   1013.0   0.5469   0.2797
74   -1.47917   -75.740   31.630   922.8   66.945   0.830   1013.0   0.5558   0.2876
75   -1.45833   -75.770   31.670   922.8   67.040   0.830   1013.0   0.5712   0.2934
76   -1.43750   -75.795   31.705   922.8   67.140   0.830   1013.0   0.5819   0.2962
77   -1.41667   -75.820   31.740   922.8   67.240   0.830   1013.0   0.5848   0.2995
78   -1.39583   -75.840   31.775   922.8   67.325   0.830   1013.0   0.5912   0.3037
79   -1.37500   -75.860   31.810   922.8   67.410   0.830   1013.0   0.6045   0.3071
80   -1.35417   -75.885   31.845   922.8   67.510   0.825   1013.0   0.6135   0.3097
81   -1.33333   -75.910   31.880   922.8   67.610   0.820   1013.0   0.6201   0.3135
82   -1.31250   -75.935   31.915   922.8   67.700   0.820   1013.0   0.6286   0.3176
83   -1.29167   -75.960   31.950   922.8   67.790   0.820   1013.0   0.6355   0.3231
84   -1.27083   -75.985   31.985   922.8   67.890   0.820   1013.0   0.6461   0.3291
85   -1.25000   -76.010   32.020   922.8   67.990   0.820   1013.0   0.6575   0.3338
86   -1.22917   -76.035   32.060   922.8   68.090   0.820   1013.0   0.6669   0.3373
87   -1.20833   -76.060   32.100   922.8   68.190   0.820   1013.0   0.6795   0.3441
88   -1.18750   -76.085   32.130   922.8   68.280   0.820   1013.0   0.6957   0.3525
89   -1.16667   -76.110   32.160   922.8   68.370   0.820   1013.0   0.7121   0.3583
90   -1.14583   -76.135   32.200   922.8   68.470   0.815   1013.0   0.7257   0.3634
91   -1.12500   -76.160   32.240   922.8   68.570   0.810   1013.0   0.7386   0.3641
92   -1.10417   -76.185   32.275   922.8   68.670   0.810   1013.0   0.7492   0.3645
93   -1.08333   -76.210   32.310   922.8   68.770   0.810   1013.0   0.7600   0.3712
94   -1.06250   -76.240   32.345   922.8   68.865   0.810   1013.0   0.7775   0.3805
95   -1.04167   -76.270   32.380   922.8   68.960   0.810   1013.0   0.7934   0.3860
96   -1.02083   -76.295   32.415   922.8   69.060   0.810   1013.0   0.8056   0.3893
97   -1.00000   -76.320   32.450   922.8   69.160   0.810   1013.0   0.8224   0.3955
98   -0.97917   -76.350   32.485   922.8   69.260   0.810   1013.0   0.8416   0.4012
99   -0.95833   -76.380   32.520   922.8   69.360   0.810   1013.0   0.8608   0.4032
100   -0.93750   -76.400   32.555   923.0   69.550   0.805   1013.0   0.8819   0.4063
101   -0.91667   -76.420   32.590   923.1   69.740   0.800   1013.0   0.9041   0.4124
102   -0.89583   -76.450   32.625   923.3   69.940   0.800   1013.0   0.9259   0.4174
103   -0.87500   -76.480   32.660   923.5   70.140   0.800   1013.0   0.9513   0.4221
104   -0.85417   -76.505   32.695   923.6   70.340   0.800   1013.0   0.9758   0.4276
105   -0.83333   -76.530   32.730   923.8   70.540   0.800   1013.0   0.9940   0.4325
106   -0.81250   -76.565   32.770   924.0   70.750   0.795   1013.0   1.0207   0.4359
107   -0.79167   -76.600   32.810   924.2   70.960   0.790   1013.0   1.0542   0.4407
108   -0.77083   -76.625   32.845   924.3   71.165   0.790   1013.0   1.0862   0.4473
109   -0.75000   -76.650   32.880   924.5   71.370   0.790   1013.0   1.1192   0.4526
110   -0.72917   -76.675   32.915   924.7   71.575   0.790   1013.0   1.1585   0.4558
111   -0.70833   -76.700   32.950   924.9   71.780   0.790   1013.0   1.1936   0.4593
112   -0.68750   -76.730   32.985   925.0   71.985   0.785   1013.0   1.2267   0.4638
113   -0.66667   -76.760   33.020   925.2   72.190   0.780   1013.0   1.2660   0.4664
114   -0.64583   -76.785   33.055   925.4   72.395   0.780   1013.0   1.3057   0.4685
115   -0.62500   -76.810   33.090   925.5   72.600   0.780   1013.0   1.3421   0.4711
116   -0.60417   -76.840   33.130   925.7   72.805   0.780   1013.0   1.3767   0.4720
117   -0.58333   -76.870   33.170   925.9   73.010   0.780   1013.0   1.4132   0.4769
118   -0.56250   -76.895   33.205   926.0   73.220   0.775   1013.0   1.4593   0.4830
119   -0.54167   -76.920   33.240   926.2   73.430   0.770   1013.0   1.5082   0.4891
120   -0.52083   -76.950   33.280   926.4   73.650   0.770   1013.0   1.5533   0.4930
121   -0.50000   -76.980   33.320   926.6   73.870   0.770   1013.0   1.5913   0.4959
122   -0.47917   -77.010   33.355   926.7   74.080   0.770   1013.0   1.6197   0.4998
123   -0.45833   -77.040   33.390   926.9   74.290   0.770   1013.0   1.6545   0.5020
124   -0.43750   -77.065   33.425   927.1   74.500   0.765   1013.0   1.6974   0.5015
125   -0.41667   -77.090   33.460   927.2   74.710   0.760   1013.0   1.7284   0.5013
126   -0.39583   -77.120   33.500   927.4   74.935   0.760   1013.0   1.7441   0.5011
127   -0.37500   -77.150   33.540   927.6   75.160   0.760   1013.0   1.7553   0.5046
128   -0.35417   -77.180   33.575   927.7   75.370   0.760   1013.0   1.7644   0.5101
129   -0.33333   -77.210   33.610   927.9   75.580   0.760   1013.0   1.7792   0.5129
130   -0.31250   -77.240   33.650   928.1   75.810   0.755   1013.0   1.7906   0.5128
131   -0.29167   -77.270   33.690   928.3   76.040   0.750   1013.0   1.7856   0.5122
132   -0.27083   -77.295   33.725   928.4   76.255   0.750   1013.0   1.7709   0.5118
133   -0.25000   -77.320   33.760   928.6   76.470   0.750   1013.0   1.7566   0.5127
134   -0.22917   -77.355   33.800   928.8   76.700   0.750   1013.0   1.7308   0.5140
135   -0.20833   -77.390   33.840   929.0   76.930   0.750   1013.0   1.6972   0.5129
136   -0.18750   -77.415   33.875   929.1   77.145   0.745   1013.0   1.6700   0.5128
137   -0.16667   -77.440   33.910   929.3   77.360   0.740   1013.0   1.6326   0.5113
138   -0.14583   -77.470   33.950   929.5   77.590   0.740   1013.0   1.5735   0.5063
139   -0.12500   -77.500   33.990   929.6   77.820   0.740   1013.0   1.5138   0.4990
140   -0.10417   -77.525   34.030   929.8   78.045   0.740   1013.0   1.4538   0.4951
141   -0.08333   -77.550   34.070   930.0   78.270   0.740   1013.0   1.3900   0.4956
142   -0.06250   -77.580   34.110   930.1   78.515   0.735   1013.0   1.3242   0.4976
143   -0.04167   -77.610   34.150   930.3   78.760   0.730   1013.0   1.2590   0.4971
144   -0.02083   -77.635   34.190   930.5   79.000   0.730   1013.0   1.1935   0.4927
145   0.00000   -77.660   34.230   930.7   79.240   0.730   1013.0   1.1242   0.4851
146   0.02083   -77.685   34.270   930.8   79.470   0.725   1013.0   1.0452   0.4777
147   0.04167   -77.710   34.310   931.0   79.700   0.720   1013.0   0.9521   0.4739
148   0.06250   -77.735   34.350   933.8   81.485   0.720   1013.0   0.8511   0.4678
149   0.08333   -77.760   34.390   936.5   83.270   0.720   1013.0   0.7384   0.4569
150   0.10417   -77.790   34.435   939.1   84.910   0.720   1013.0   0.6169   0.4414
151   0.12500   -77.820   34.480   941.7   86.550   0.720   1013.0   0.5015   0.4199
152   0.14583   -77.845   34.520   944.1   88.050   0.715   1013.0   0.3916   0.3915
153   0.16667   -77.870   34.560   946.5   89.550   0.710   1013.0   0.2893   0.3638
154   0.18750   -77.895   34.600   948.7   90.900   0.710   1013.0   0.2017   0.3409
155   0.20833   -77.920   34.640   951.0   92.250   0.710   1013.0   0.1245   0.3200
156   0.22917   -77.945   34.680   953.0   93.500   0.710   1013.0   0.0639   0.2997
157   0.25000   -77.970   34.720   955.1   94.750   0.710   1013.0   0.0213   0.2834
158   0.27083   -78.000   34.760   957.1   95.885   0.705   1013.0   -0.0027   0.2658
159   0.29167   -78.030   34.800   959.0   97.020   0.700   1013.0   -0.0131   0.2475
160   0.31250   -78.055   34.845   960.8   98.050   0.700   1013.0   -0.0136   0.2337
161   0.33333   -78.080   34.890   962.7   99.080   0.700   1013.0   -0.0108   0.2198
162   0.35417   -78.110   34.930   964.4   100.020   0.700   1013.0   -0.0155   0.2049
163   0.37500   -78.140   34.970   966.0   100.960   0.700   1013.0   -0.0333   0.1946
164   0.39583   -78.165   35.015   967.6   101.820   0.695   1013.0   -0.0570   0.1888
165   0.41667   -78.190   35.060   969.2   102.680   0.690   1013.0   -0.0829   0.1797
166   0.43750   -78.220   35.105   970.7   103.480   0.690   1013.0   -0.1020   0.1660
167   0.45833   -78.250   35.150   972.2   104.280   0.690   1013.0   -0.1102   0.1514
168   0.47917   -78.280   35.190   973.5   105.000   0.690   1013.0   -0.1149   0.1401
169   0.50000   -78.310   35.230   974.9   105.720   0.690   1013.0   -0.1144   0.1269
170   0.52083   -78.335   35.275   976.2   106.375   0.685   1013.0   -0.1075   0.1157
171   0.54167   -78.360   35.320   977.5   107.030   0.680   1013.0   -0.1046   0.1058
172   0.56250   -78.385   35.360   978.7   107.635   0.680   1013.0   -0.1047   0.0991
173   0.58333   -78.410   35.400   979.9   108.240   0.680   1013.0   -0.1008   0.0914
174   0.60417   -78.440   35.445   981.0   108.820   0.680   1013.0   -0.1003   0.0855
175   0.62500   -78.470   35.490   982.1   109.400   0.680   1013.0   -0.1041   0.0788
176   0.64583   -78.500   35.535   983.1   109.915   0.675   1013.0   -0.1092   0.0699
177   0.66667   -78.530   35.580   984.2   110.430   0.670   1013.0   -0.1165   0.0609
178   0.68750   -78.560   35.625   985.2   110.935   0.670   1013.0   -0.1219   0.0537
179   0.70833   -78.590   35.670   986.1   111.440   0.670   1013.0   -0.1204   0.0469
180   0.72917   -78.615   35.715   987.0   111.890   0.670   1013.0   -0.1176   0.0434
181   0.75000   -78.640   35.760   987.9   112.340   0.670   1013.0   -0.1139   0.0429
182   0.77083   -78.670   35.805   988.8   112.785   0.665   1013.0   -0.1043   0.0424
183   0.79167   -78.700   35.850   989.6   113.230   0.660   1013.0   -0.0930   0.0415
184   0.81250   -78.725   35.890   990.4   113.625   0.660   1013.0   -0.0836   0.0381
185   0.83333   -78.750   35.930   991.2   114.020   0.660   1013.0   -0.0777   0.0324
186   0.85417   -78.780   35.975   991.9   114.420   0.660   1013.0   -0.0782   0.0264
187   0.87500   -78.810   36.020   992.7   114.820   0.660   1013.0   -0.0837   0.0216
188   0.89583   -78.840   36.070   993.3   115.200   0.655   1013.0   -0.0880   0.0196
189   0.91667   -78.870   36.120   994.0   115.580   0.650   1013.0   -0.0909   0.0188
190   0.93750   -78.900   36.165   994.7   115.945   0.650   1013.0   -0.0950   0.0165
191   0.95833   -78.930   36.210   995.3   116.310   0.650   1013.0   -0.0986   0.0147
192   0.97917   -78.960   36.255   995.9   116.660   0.650   1013.0   -0.1011   0.0138
193   1.00000   -78.990   36.300   996.5   117.010   0.650   1013.0   -0.1000   0.0118
