1   -3.00000   -64.760   19.770   973.4   62.050   1.010   1013.0   0.0065   0.0035
2   -2.97917   -64.885   19.850   973.4   62.170   1.010   1013.0   0.0083   0.0033
3   -2.95833   -65.010   19.930   973.4   62.290   1.010   1013.0   0.0109   0.0030
4   -2.93750   -65.130   20.010   973.4   62.415   1.005   1013.0   0.0232   0.0028
5   -2.91667   -65.250   20.090   973.4   62.540   1.000   1013.0   0.0461   0.0033
6   -2.89583   -65.370   20.170   973.4   62.665   1.000   1013.0   0.0495   0.0053
7   -2.87500   -65.490   20.250   973.4   62.790   1.000   1013.0   0.0535   0.0081
8   -2.85417   -65.605   20.325   973.4   62.910   1.000   1013.0   0.0602   0.0136
9   -2.83333   -65.720   20.400   973.4   63.030   1.000   1013.0   0.0539   0.0154
10   -2.81250   -65.845   20.480   973.4   63.160   0.995   1013.0   0.0532   0.0175
11   -2.79167   -65.970   20.560   973.4   63.290   0.990   1013.0   0.0482   0.0183
12   -2.77083   -66.085   20.635   973.4   63.415   0.990   1013.0   0.0407   0.0179
13   -2.75000   -66.200   20.710   973.4   63.540   0.990   1013.0   0.0396   0.0162
14   -2.72917   -66.320   20.790   973.4   63.670   0.990   1013.0   0.0485   0.0140
15   -2.70833   -66.440   20.870   973.4   63.800   0.990   1013.0   0.0488   0.0147
16   -2.68750   -66.560   20.950   973.4   63.930   0.985   1013.0   0.0438   0.0138
17   -2.66667   -66.680   21.030   973.4   64.060   0.980   1013.0   0.0553   0.0106
18   -2.64583   -66.795   21.105   973.4   64.185   0.980   1013.0   0.0613   0.0096
19   -2.62500   -66.910   21.180   973.4   64.310   0.980   1013.0   0.0573   0.0092
20   -2.60417   -67.030   21.260   973.4   64.445   0.980   1013.0   0.0621   0.0075
21   -2.58333   -67.150   21.340   973.4   64.580   0.980   1013.0   0.0621   0.0072
22   -2.56250   -67.270   21.415   973.4   64.715   0.975   1013.0   0.0609   0.0103
23   -2.54167   -67.390   21.490   973.4   64.850   0.970   1013.0   0.0604   0.0104
24   -2.52083   -67.505   21.565   973.4   64.980   0.970   1013.0   0.0601   0.0094
25   -2.50000   -67.620   21.640   973.4   65.110   0.970   1013.0   0.0575   0.0097
26   -2.47917   -67.740   21.720   973.4   65.245   0.970   1013.0   0.0583   0.0102
27   -2.45833   -67.860   21.800   973.4   65.380   0.970   1013.0   0.0576   0.0079
28   -2.43750   -67.980   21.875   973.4   65.520   0.965   1013.0   0.0608   0.0038
29   -2.41667   -68.100   21.950   973.4   65.660   0.960   1013.0   0.0605   0.0053
30   -2.39583   -68.220   22.030   973.4   65.795   0.960   1013.0   0.0641   0.0081
31   -2.37500   -68.340   22.110   973.4   65.930   0.960   1013.0   0.0665   0.0084
32   -2.35417   -68.455   22.185   973.4   66.070   0.960   1013.0   0.0656   0.0094
33   -2.33333   -68.570   22.260   973.4   66.210   0.960   1013.0   0.0645   0.0069
34   -2.31250   -68.690   22.335   973.4   66.350   0.955   1013.0   0.0647   0.0035
35   -2.29167   -68.810   22.410   973.4   66.490   0.950   1013.0   0.0639   0.0046
36   -2.27083   -68.920   22.490   973.4   66.640   0.950   1013.0   0.0644   0.0088
37   -2.25000   -69.030   22.570   973.4   66.790   0.950   1013.0   0.0671   0.0077
38   -2.22917   -69.145   22.655   973.4   66.950   0.945   1013.0   0.0648   0.0074
39   -2.20833   -69.260   22.740   973.4   67.110   0.940   1013.0   0.0605   0.0073
40   -2.18750   -69.370   22.825   973.4   67.270   0.940   1013.0   0.0639   0.0061
41   -2.16667   -69.480   22.910   973.4   67.430   0.940   1013.0   0.0651   0.0044
42   -2.14583   -69.590   22.990   973.4   67.585   0.940   1013.0   0.0629   0.0057
43   -2.12500   -69.700   23.070   973.4   67.740   0.940   1013.0   0.0625   0.0069
44   -2.10417   -69.810   23.155   973.4   67.905   0.935   1013.0   0.0637   0.0082
45   -2.08333   -69.920   23.240   973.4   68.070   0.930   1013.0   0.0620   0.0088
46   -2.06250   -70.035   23.325   973.4   68.235   0.930   1013.0   0.0628   0.0112
47   -2.04167   -70.150   23.410   973.4   68.400   0.930   1013.0   0.0637   0.0112
48   -2.02083   -70.260   23.490   973.4   68.565   0.925   1013.0   0.0635   0.0110
49   -2.00000   -70.370   23.570   973.4   68.730   0.920   1013.0   0.0659   0.0107
50   -1.97917   -70.485   23.655   973.4   68.895   0.920   1013.0   0.0707   0.0121
51   -1.95833   -70.600   23.740   973.4   69.060   0.920   1013.0   0.0713   0.0155
52   -1.93750   -70.710   23.820   973.4   69.225   0.920   1013.0   0.0693   0.0156
53   -1.91667   -70.820   23.900   973.4   69.390   0.920   1013.0   0.0692   0.0165
54   -1.89583   -70.930   23.980   973.4   69.560   0.915   1013.0   0.0699   0.0183
55   -1.87500   -71.040   24.060   973.4   69.730   0.910   1013.0   0.0684   0.0190
56   -1.85417   -71.155   24.145   973.4   69.905   0.910   1013.0   0.0680   0.0171
57   -1.83333   -71.270   24.230   973.4   70.080   0.910   1013.0   0.0675   0.0155
58   -1.81250   -71.380   24.315   973.4   70.260   0.905   1013.0   0.0658   0.0170
59   -1.79167   -71.490   24.400   973.4   70.440   0.900   1013.0   0.0655   0.0195
60   -1.77083   -71.590   24.490   973.4   70.630   0.900   1013.0   0.0675   0.0235
61   -1.75000   -71.690   24.580   973.4   70.820   0.900   1013.0   0.0667   0.0249
62   -1.72917   -71.800   24.670   973.4   71.015   0.900   1013.0   0.0670   0.0227
63   -1.70833   -71.910   24.760   973.4   71.210   0.900   1013.0   0.0703   0.0208
64   -1.68750   -72.015   24.850   973.4   71.410   0.895   1013.0   0.0706   0.0226
65   -1.66667   -72.120   24.940   973.4   71.610   0.890   1013.0   0.0712   0.0247
66   -1.64583   -72.220   25.025   973.4   71.805   0.890   1013.0   0.0725   0.0261
67   -1.62500   -72.320   25.110   973.4   72.000   0.890   1013.0   0.0709   0.0263
68   -1.60417   -72.430   25.205   973.4   72.210   0.885   1013.0   0.0693   0.0275
69   -1.58333   -72.540   25.300   973.4   72.420   0.880   1013.0   0.0726   0.0300
70   -1.56250   -72.645   25.390   973.4   72.625   0.880   1013.0   0.0749   0.0326
71   -1.54167   -72.750   25.480   973.4   72.830   0.880   1013.0   0.0755   0.0342
72   -1.52083   -72.850   25.565   973.4   73.035   0.875   1013.0   0.0748   0.0345
73   -1.50000   -72.950   25.650   973.4   73.240   0.870   1013.0   0.0753   0.0346
74   -1.47917   -73.055   25.750   973.4   73.470   0.870   1013.0   0.0767   0.0345
75   -1.45833   -73.160   25.850   973.4   73.700   0.870   1013.0   0.0801   0.0341
76   -1.43750   -73.255   25.950   973.4   73.935   0.865   1013.0   0.0807   0.0333
77   -1.41667   -73.350   26.050   973.4   74.170   0.860   1013.0   0.0774   0.0326
78   -1.39583   -73.445   26.145   973.4   74.400   0.860   1013.0   0.0772   0.0339
79   -1.37500   -73.540   26.240   973.4   74.630   0.860   1013.0   0.0761   0.0373
80   -1.35417   -73.640   26.340   973.4   74.870   0.855   1013.0   0.0758   0.0408
81   -1.33333   -73.740   26.440   973.4   75.110   0.850   1013.0   0.0795   0.0415
82   -1.31250   -73.840   26.535   973.4   75.355   0.850   1013.0   0.0800   0.0407
83   -1.29167   -73.940   26.630   973.4   75.600   0.850   1013.0   0.0809   0.0414
84   -1.27083   -74.035   26.725   973.4   75.840   0.845   1013.0   0.0861   0.0435
85   -1.25000   -74.130   26.820   973.4   76.080   0.840   1013.0   0.0897   0.0446
86   -1.22917   -74.230   26.920   973.4   76.330   0.840   1013.0   0.0930   0.0454
87   -1.20833   -74.330   27.020   973.4   76.580   0.840   1013.0   0.0977   0.0476
88   -1.18750   -74.430   27.120   973.4   76.835   0.835   1013.0   0.1008   0.0490
89   -1.16667   -74.530   27.220   973.4   77.090   0.830   1013.0   0.1036   0.0498
90   -1.14583   -74.630   27.320   973.4   77.350   0.830   1013.0   0.1055   0.0501
91   -1.12500   -74.730   27.420   973.4   77.610   0.830   1013.0   0.1037   0.0490
92   -1.10417   -74.815   27.530   973.4   77.900   0.825   1013.0   0.1039   0.0480
93   -1.08333   -74.900   27.640   973.4   78.190   0.820   1013.0   0.1066   0.0484
94   -1.06250   -74.985   27.750   973.4   78.500   0.815   1013.0   0.1077   0.0493
95   -1.04167   -75.070   27.860   973.4   78.810   0.810   1013.0   0.1088   0.0507
96   -1.02083   -75.145   27.970   973.4   79.105   0.810   1013.0   0.1118   0.0518
97   -1.00000   -75.220   28.080   973.4   79.400   0.810   1013.0   0.1123   0.0515
98   -0.97917   -75.305   28.195   973.4   79.730   0.805   1013.0   0.1145   0.0495
99   -0.95833   -75.390   28.310   973.5   80.060   0.800   1013.0   0.1199   0.0496
100   -0.93750   -75.470   28.420   973.5   80.400   0.795   1013.0   0.1270   0.0514
101   -0.91667   -75.550   28.530   973.6   80.740   0.790   1013.0   0.1332   0.0525
102   -0.89583   -75.635   28.645   973.7   81.090   0.790   1013.0   0.1383   0.0537
103   -0.87500   -75.720   28.760   973.8   81.440   0.790   1013.0   0.1460   0.0569
104   -0.85417   -75.805   28.875   973.8   81.805   0.785   1013.0   0.1542   0.0602
105   -0.83333   -75.890   28.990   973.9   82.170   0.780   1013.0   0.1622   0.0611
106   -0.81250   -75.970   29.105   974.0   82.530   0.775   1013.0   0.1672   0.0589
107   -0.79167   -76.050   29.220   974.1   82.890   0.770   1013.0   0.1699   0.0549
108   -0.77083   -76.105   29.350   974.1   83.295   0.765   1013.0   0.1704   0.0516
109   -0.75000   -76.160   29.480   974.2   83.700   0.760   1013.0   0.1723   0.0471
110   -0.72917   -76.200   29.610   974.3   84.140   0.760   1013.0   0.1722   0.0442
111   -0.70833   -76.240   29.740   974.4   84.580   0.760   1013.0   0.1739   0.0447
112   -0.68750   -76.280   29.875   974.4   85.025   0.755   1013.0   0.1782   0.0468
113   -0.66667   -76.320   30.010   974.5   85.470   0.750   1013.0   0.1799   0.0494
114   -0.64583   -76.360   30.145   974.6   85.925   0.745   1013.0   0.1816   0.0492
115   -0.62500   -76.400   30.280   974.7   86.380   0.740   1013.0   0.1871   0.0487
116   -0.60417   -76.440   30.420   974.7   86.855   0.735   1013.0   0.1994   0.0486
117   -0.58333   -76.480   30.560   974.8   87.330   0.730   1013.0   0.2128   0.0487
118   -0.56250   -76.525   30.700   974.9   87.820   0.725   1013.0   0.2244   0.0486
119   -0.54167   -76.570   30.840   975.0   88.310   0.720   1013.0   0.2380   0.0519
120   -0.52083   -76.610   30.975   975.0   88.805   0.715   1013.0   0.2503   0.0545
121   -0.50000   -76.650   31.110   975.1   89.300   0.710   1013.0   0.2607   0.0523
122   -0.47917   -76.660   31.255   975.2   89.830   0.705   1013.0   0.2677   0.0486
123   -0.45833   -76.670   31.400   975.3   90.360   0.700   1013.0   0.2734   0.0445
124   -0.43750   -76.675   31.545   975.3   90.895   0.695   1013.0   0.2831   0.0427
125   -0.41667   -76.680   31.690   975.4   91.430   0.690   1013.0   0.2955   0.0444
126   -0.39583   -76.690   31.835   975.5   91.980   0.685   1013.0   0.3036   0.0500
127   -0.37500   -76.700   31.980   975.6   92.530   0.680   1013.0   0.3157   0.0542
128   -0.35417   -76.710   32.130   975.6   93.110   0.675   1013.0   0.3279   0.0571
129   -0.33333   -76.720   32.280   975.7   93.690   0.670   1013.0   0.3429   0.0591
130   -0.31250   -76.725   32.435   975.8   94.305   0.665   1013.0   0.3610   0.0600
131   -0.29167   -76.730   32.590   975.9   94.920   0.660   1013.0   0.3839   0.0629
132   -0.27083   -76.735   32.740   975.9   95.525   0.655   1013.0   0.4092   0.0667
133   -0.25000   -76.740   32.890   976.0   96.130   0.650   1013.0   0.4361   0.0693
134   -0.22917   -76.730   33.045   976.1   96.765   0.645   1013.0   0.4594   0.0724
135   -0.20833   -76.720   33.200   976.2   97.400   0.640   1013.0   0.4788   0.0755
136   -0.18750   -76.715   33.360   976.3   98.075   0.635   1013.0   0.4979   0.0795
137   -0.16667   -76.710   33.520   976.3   98.750   0.630   1013.0   0.5116   0.0851
138   -0.14583   -76.700   33.680   976.4   99.440   0.625   1013.0   0.5164   0.0944
139   -0.12500   -76.690   33.840   976.5   100.130   0.620   1013.0   0.5005   0.1037
140   -0.10417   -76.685   34.005   976.5   100.855   0.610   1013.0   0.4708   0.1132
141   -0.08333   -76.680   34.170   976.6   101.580   0.600   1013.0   0.4262   0.1231
142   -0.06250   -76.660   34.335   976.7   102.320   0.595   1013.0   0.3681   0.1317
143   -0.04167   -76.640   34.500   976.8   103.060   0.590   1013.0   0.2955   0.1402
144   -0.02083   -76.610   34.665   976.8   103.830   0.585   1013.0   0.2102   0.1460
145   0.00000   -76.580   34.830   976.9   104.600   0.580   1013.0   0.1146   0.1575
146   0.02083   -76.550   35.000   977.5   105.585   0.575   1013.0   0.0225   0.1737
147   0.04167   -76.520   35.170   978.2   106.570   0.570   1013.0   -0.0559   0.1883
148   0.06250   -76.490   35.345   979.3   107.775   0.570   1013.0   -0.1191   0.1985
149   0.08333   -76.460   35.520   980.4   108.980   0.570   1013.0   -0.1734   0.1974
150   0.10417   -76.430   35.700   981.4   110.180   0.570   1013.0   -0.2217   0.1817
151   0.12500   -76.400   35.880   982.5   111.380   0.570   1013.0   -0.2250   0.1446
152   0.14583   -76.370   36.055   983.4   112.570   0.565   1013.0   -0.1832   0.0846
153   0.16667   -76.340   36.230   984.4   113.760   0.560   1013.0   -0.1280   0.0020
154   0.18750   -76.310   36.420   985.3   115.000   0.560   1013.0   -0.0941   -0.0993
155   0.20833   -76.280   36.610   986.2   116.240   0.560   1013.0   -0.0814   -0.2031
156   0.22917   -76.245   36.800   987.1   117.510   0.560   1013.0   -0.0943   -0.2923
157   0.25000   -76.210   36.990   987.9   118.780   0.560   1013.0   -0.1291   -0.3511
158   0.27083   -76.175   37.185   988.7   120.055   0.555   1013.0   -0.1698   -0.3828
159   0.29167   -76.140   37.380   989.5   121.330   0.550   1013.0   -0.2146   -0.3908
160   0.31250   -76.105   37.580   990.3   122.675   0.550   1013.0   -0.2500   -0.3811
161   0.33333   -76.070   37.780   991.0   124.020   0.550   1013.0   -0.2560   -0.3630
162   0.35417   -76.030   37.985   991.7   125.415   0.550   1013.0   -0.2346   -0.3280
163   0.37500   -76.030   37.985   991.7   125.415   0.550   1013.0   -0.2346   -0.3280
164   0.39583   -76.030   37.985   991.7   125.415   0.550   1013.0   -0.2346   -0.3280
165   0.41667   -76.030   37.985   991.7   125.415   0.550   1013.0   -0.2346   -0.3280
166   0.43750   -76.030   37.985   991.7   125.415   0.550   1013.0   -0.2346   -0.3280
167   0.45833   -76.030   37.985   991.7   125.415   0.550   1013.0   -0.2346   -0.3280
168   0.47917   -76.030   37.985   991.7   125.415   0.550   1013.0   -0.2346   -0.3280
169   0.50000   -76.030   37.985   991.7   125.415   0.550   1013.0   -0.2346   -0.3280
170   0.52083   -76.030   37.985   991.7   125.415   0.550   1013.0   -0.2346   -0.3280
171   0.54167   -76.030   37.985   991.7   125.415   0.550   1013.0   -0.2346   -0.3280
172   0.56250   -76.030   37.985   991.7   125.415   0.550   1013.0   -0.2346   -0.3280
173   0.58333   -76.030   37.985   991.7   125.415   0.550   1013.0   -0.2346   -0.3280
174   0.60417   -76.030   37.985   991.7   125.415   0.550   1013.0   -0.2346   -0.3280
175   0.62500   -76.030   37.985   991.7   125.415   0.550   1013.0   -0.2346   -0.3280
176   0.64583   -76.030   37.985   991.7   125.415   0.550   1013.0   -0.2346   -0.3280
177   0.66667   -76.030   37.985   991.7   125.415   0.550   1013.0   -0.2346   -0.3280
178   0.68750   -76.030   37.985   991.7   125.415   0.550   1013.0   -0.2346   -0.3280
179   0.70833   -76.030   37.985   991.7   125.415   0.550   1013.0   -0.2346   -0.3280
180   0.72917   -76.030   37.985   991.7   125.415   0.550   1013.0   -0.2346   -0.3280
181   0.75000   -76.030   37.985   991.7   125.415   0.550   1013.0   -0.2346   -0.3280
182   0.77083   -76.030   37.985   991.7   125.415   0.550   1013.0   -0.2346   -0.3280
183   0.79167   -76.030   37.985   991.7   125.415   0.550   1013.0   -0.2346   -0.3280
184   0.81250   -76.030   37.985   991.7   125.415   0.550   1013.0   -0.2346   -0.3280
185   0.83333   -76.030   37.985   991.7   125.415   0.550   1013.0   -0.2346   -0.3280
186   0.85417   -76.030   37.985   991.7   125.415   0.550   1013.0   -0.2346   -0.3280
187   0.87500   -76.030   37.985   991.7   125.415   0.550   1013.0   -0.2346   -0.3280
188   0.89583   -76.030   37.985   991.7   125.415   0.550   1013.0   -0.2346   -0.3280
189   0.91667   -76.030   37.985   991.7   125.415   0.550   1013.0   -0.2346   -0.3280
190   0.93750   -76.030   37.985   991.7   125.415   0.550   1013.0   -0.2346   -0.3280
191   0.95833   -76.030   37.985   991.7   125.415   0.550   1013.0   -0.2346   -0.3280
192   0.97917   -76.030   37.985   991.7   125.415   0.550   1013.0   -0.2346   -0.3280
193   1.00000   -76.030   37.985   991.7   125.415   0.550   1013.0   -0.2346   -0.3280
