1   -3.00000   -75.840   29.040   942.6   41.100   1.280   1013.0   0.0391   0.0094
2   -2.97917   -75.865   29.075   942.6   41.150   1.275   1013.0   0.0392   0.0102
3   -2.95833   -75.890   29.110   942.6   41.200   1.270   1013.0   0.0406   0.0122
4   -2.93750   -75.915   29.140   942.6   41.245   1.270   1013.0   0.0433   0.0131
5   -2.91667   -75.940   29.170   942.6   41.290   1.270   1013.0   0.0445   0.0128
6   -2.89583   -75.960   29.200   942.6   41.335   1.270   1013.0   0.0438   0.0112
7   -2.87500   -75.980   29.230   942.6   41.380   1.270   1013.0   0.0446   0.0097
8   -2.85417   -76.005   29.265   942.6   41.430   1.270   1013.0   0.0468   0.0100
9   -2.83333   -76.030   29.300   942.6   41.480   1.270   1013.0   0.0470   0.0100
10   -2.81250   -76.045   29.335   942.6   41.530   1.270   1013.0   0.0460   0.0098
11   -2.79167   -76.060   29.370   942.6   41.580   1.270   1013.0   0.0447   0.0098
12   -2.77083   -76.070   29.405   942.6   41.640   1.270   1013.0   0.0443   0.0097
13   -2.75000   -76.080   29.440   942.6   41.700   1.270   1013.0   0.0453   0.0100
14   -2.72917   -76.095   29.480   942.6   41.755   1.270   1013.0   0.0479   0.0104
15   -2.70833   -76.110   29.520   942.6   41.810   1.270   1013.0   0.0491   0.0107
16   -2.68750   -76.120   29.555   942.6   41.865   1.265   1013.0   0.0492   0.0105
17   -2.66667   -76.130   29.590   942.6   41.920   1.260   1013.0   0.0503   0.0115
18   -2.64583   -76.140   29.625   942.6   41.980   1.260   1013.0   0.0498   0.0117
19   -2.62500   -76.150   29.660   942.6   42.040   1.260   1013.0   0.0515   0.0115
20   -2.60417   -76.160   29.700   942.6   42.095   1.260   1013.0   0.0551   0.0106
21   -2.58333   -76.170   29.740   942.6   42.150   1.260   1013.0   0.0557   0.0103
22   -2.56250   -76.180   29.775   942.6   42.205   1.260   1013.0   0.0580   0.0114
23   -2.54167   -76.190   29.810   942.6   42.260   1.260   1013.0   0.0615   0.0127
24   -2.52083   -76.205   29.845   942.6   42.320   1.260   1013.0   0.0606   0.0142
25   -2.50000   -76.220   29.880   942.6   42.380   1.260   1013.0   0.0609   0.0146
26   -2.47917   -76.230   29.920   942.6   42.440   1.260   1013.0   0.0635   0.0142
27   -2.45833   -76.240   29.960   942.6   42.500   1.260   1013.0   0.0640   0.0125
28   -2.43750   -76.250   30.000   942.6   42.560   1.255   1013.0   0.0644   0.0110
29   -2.41667   -76.260   30.040   942.6   42.620   1.250   1013.0   0.0669   0.0108
30   -2.39583   -76.270   30.075   942.6   42.680   1.250   1013.0   0.0670   0.0123
31   -2.37500   -76.280   30.110   942.6   42.740   1.250   1013.0   0.0691   0.0136
32   -2.35417   -76.295   30.150   942.6   42.805   1.250   1013.0   0.0718   0.0139
33   -2.33333   -76.310   30.190   942.6   42.870   1.250   1013.0   0.0737   0.0140
34   -2.31250   -76.320   30.225   942.6   42.920   1.250   1013.0   0.0773   0.0147
35   -2.29167   -76.330   30.260   942.6   42.970   1.250   1013.0   0.0817   0.0143
36   -2.27083   -76.340   30.295   942.6   43.035   1.250   1013.0   0.0834   0.0137
37   -2.25000   -76.350   30.330   942.6   43.100   1.250   1013.0   0.0870   0.0150
38   -2.22917   -76.360   30.370   942.6   43.160   1.250   1013.0   0.0926   0.0168
39   -2.20833   -76.370   30.410   942.6   43.220   1.250   1013.0   0.0936   0.0171
40   -2.18750   -76.385   30.450   942.6   43.285   1.245   1013.0   0.0936   0.0164
41   -2.16667   -76.400   30.490   942.6   43.350   1.240   1013.0   0.0952   0.0158
42   -2.14583   -76.410   30.525   942.6   43.410   1.240   1013.0   0.0988   0.0159
43   -2.12500   -76.420   30.560   942.6   43.470   1.240   1013.0   0.1017   0.0161
44   -2.10417   -76.430   30.600   942.6   43.535   1.240   1013.0   0.1027   0.0151
45   -2.08333   -76.440   30.640   942.6   43.600   1.240   1013.0   0.1052   0.0153
46   -2.06250   -76.450   30.680   942.6   43.665   1.240   1013.0   0.1114   0.0175
47   -2.04167   -76.460   30.720   942.6   43.730   1.240   1013.0   0.1172   0.0198
48   -2.02083   -76.475   30.755   942.6   43.795   1.240   1013.0   0.1209   0.0204
49   -2.00000   -76.490   30.790   942.6   43.860   1.240   1013.0   0.1261   0.0205
50   -1.97917   -76.500   30.830   942.6   43.920   1.240   1013.0   0.1304   0.0202
51   -1.95833   -76.510   30.870   942.6   43.980   1.240   1013.0   0.1335   0.0185
52   -1.93750   -76.520   30.910   942.6   44.045   1.235   1013.0   0.1374   0.0174
53   -1.91667   -76.530   30.950   942.6   44.110   1.230   1013.0   0.1398   0.0179
54   -1.89583   -76.540   30.985   942.6   44.175   1.230   1013.0   0.1450   0.0195
55   -1.87500   -76.550   31.020   942.6   44.240   1.230   1013.0   0.1521   0.0212
56   -1.85417   -76.565   31.060   942.6   44.310   1.230   1013.0   0.1543   0.0228
57   -1.83333   -76.580   31.100   942.6   44.380   1.230   1013.0   0.1585   0.0236
58   -1.81250   -76.590   31.140   942.6   44.445   1.230   1013.0   0.1669   0.0234
59   -1.79167   -76.600   31.180   942.6   44.510   1.230   1013.0   0.1717   0.0223
60   -1.77083   -76.600   31.220   942.6   44.580   1.230   1013.0   0.1764   0.0218
61   -1.75000   -76.600   31.260   942.6   44.650   1.230   1013.0   0.1844   0.0226
62   -1.72917   -76.605   31.300   942.6   44.715   1.230   1013.0   0.1896   0.0235
63   -1.70833   -76.610   31.340   942.6   44.780   1.230   1013.0   0.1935   0.0252
64   -1.68750   -76.610   31.380   942.6   44.850   1.225   1013.0   0.1970   0.0263
65   -1.66667   -76.610   31.420   942.6   44.920   1.220   1013.0   0.1994   0.0243
66   -1.64583   -76.610   31.460   942.6   44.990   1.220   1013.0   0.2019   0.0224
67   -1.62500   -76.610   31.500   942.6   45.060   1.220   1013.0   0.2079   0.0233
68   -1.60417   -76.615   31.540   942.6   45.135   1.220   1013.0   0.2150   0.0248
69   -1.58333   -76.620   31.580   942.6   45.210   1.220   1013.0   0.2228   0.0275
70   -1.56250   -76.620   31.625   942.6   45.285   1.220   1013.0   0.2314   0.0291
71   -1.54167   -76.620   31.670   942.6   45.360   1.220   1013.0   0.2406   0.0303
72   -1.52083   -76.625   31.710   942.6   45.435   1.220   1013.0   0.2498   0.0326
73   -1.50000   -76.630   31.750   942.6   45.510   1.220   1013.0   0.2593   0.0338
74   -1.47917   -76.630   31.790   942.6   45.580   1.215   1013.0   0.2705   0.0342
75   -1.45833   -76.630   31.830   942.6   45.650   1.210   1013.0   0.2814   0.0337
76   -1.43750   -76.635   31.870   942.6   45.725   1.210   1013.0   0.2883   0.0334
77   -1.41667   -76.640   31.910   942.6   45.800   1.210   1013.0   0.2931   0.0343
78   -1.39583   -76.640   31.950   942.6   45.870   1.210   1013.0   0.3014   0.0361
79   -1.37500   -76.640   31.990   942.6   45.940   1.210   1013.0   0.3103   0.0381
80   -1.35417   -76.640   32.035   942.6   46.020   1.210   1013.0   0.3194   0.0385
81   -1.33333   -76.640   32.080   942.6   46.100   1.210   1013.0   0.3302   0.0396
82   -1.31250   -76.645   32.120   942.6   46.175   1.210   1013.0   0.3391   0.0415
83   -1.29167   -76.650   32.160   942.6   46.250   1.210   1013.0   0.3491   0.0418
84   -1.27083   -76.650   32.200   942.6   46.325   1.210   1013.0   0.3630   0.0433
85   -1.25000   -76.650   32.240   942.6   46.400   1.210   1013.0   0.3766   0.0447
86   -1.22917   -76.655   32.285   942.6   46.485   1.205   1013.0   0.3858   0.0439
87   -1.20833   -76.660   32.330   942.6   46.570   1.200   1013.0   0.3949   0.0448
88   -1.18750   -76.660   32.370   942.6   46.645   1.200   1013.0   0.4085   0.0486
89   -1.16667   -76.660   32.410   942.6   46.720   1.200   1013.0   0.4227   0.0520
90   -1.14583   -76.665   32.455   942.6   46.805   1.200   1013.0   0.4359   0.0528
91   -1.12500   -76.670   32.500   942.6   46.890   1.200   1013.0   0.4525   0.0535
92   -1.10417   -76.670   32.540   942.6   46.965   1.200   1013.0   0.4674   0.0558
93   -1.08333   -76.670   32.580   942.6   47.040   1.200   1013.0   0.4791   0.0587
94   -1.06250   -76.675   32.620   942.6   47.115   1.200   1013.0   0.4955   0.0602
95   -1.04167   -76.680   32.660   942.6   47.190   1.200   1013.0   0.5127   0.0611
96   -1.02083   -76.680   32.705   942.6   47.275   1.195   1013.0   0.5254   0.0635
97   -1.00000   -76.680   32.750   942.6   47.360   1.190   1013.0   0.5394   0.0663
98   -0.97917   -76.685   32.795   942.6   47.445   1.190   1013.0   0.5542   0.0669
99   -0.95833   -76.690   32.840   942.6   47.530   1.190   1013.0   0.5688   0.0672
100   -0.93750   -76.685   32.875   942.7   47.630   1.190   1013.0   0.5881   0.0699
101   -0.91667   -76.680   32.910   942.7   47.730   1.190   1013.0   0.6068   0.0723
102   -0.89583   -76.680   32.955   942.9   47.860   1.190   1013.0   0.6265   0.0725
103   -0.87500   -76.680   33.000   943.0   47.990   1.190   1013.0   0.6451   0.0736
104   -0.85417   -76.675   33.040   943.1   48.110   1.185   1013.0   0.6506   0.0778
105   -0.83333   -76.670   33.080   943.3   48.230   1.180   1013.0   0.6621   0.0832
106   -0.81250   -76.670   33.125   943.4   48.360   1.180   1013.0   0.6879   0.0871
107   -0.79167   -76.670   33.170   943.5   48.490   1.180   1013.0   0.7046   0.0893
108   -0.77083   -76.665   33.215   943.7   48.620   1.180   1013.0   0.7093   0.0923
109   -0.75000   -76.660   33.260   943.8   48.750   1.180   1013.0   0.7191   0.0960
110   -0.72917   -76.660   33.305   943.9   48.885   1.180   1013.0   0.7385   0.0991
111   -0.70833   -76.660   33.350   944.1   49.020   1.180   1013.0   0.7497   0.1023
112   -0.68750   -76.660   33.390   944.2   49.140   1.175   1013.0   0.7559   0.1068
113   -0.66667   -76.660   33.430   944.3   49.260   1.170   1013.0   0.7606   0.1111
114   -0.64583   -76.655   33.475   944.5   49.395   1.170   1013.0   0.7678   0.1143
115   -0.62500   -76.650   33.520   944.6   49.530   1.170   1013.0   0.7685   0.1187
116   -0.60417   -76.650   33.565   944.7   49.665   1.170   1013.0   0.7516   0.1237
117   -0.58333   -76.650   33.610   944.9   49.800   1.170   1013.0   0.7320   0.1279
118   -0.56250   -76.645   33.655   945.0   49.935   1.170   1013.0   0.7127   0.1329
119   -0.54167   -76.640   33.700   945.1   50.070   1.170   1013.0   0.6812   0.1371
120   -0.52083   -76.640   33.745   945.3   50.205   1.165   1013.0   0.6365   0.1403
121   -0.50000   -76.640   33.790   945.4   50.340   1.160   1013.0   0.5845   0.1461
122   -0.47917   -76.635   33.835   945.5   50.480   1.160   1013.0   0.5278   0.1548
123   -0.45833   -76.630   33.880   945.7   50.620   1.160   1013.0   0.4609   0.1631
124   -0.43750   -76.630   33.925   945.8   50.755   1.160   1013.0   0.3765   0.1691
125   -0.41667   -76.630   33.970   945.9   50.890   1.160   1013.0   0.2835   0.1741
126   -0.39583   -76.625   34.015   946.1   51.030   1.155   1013.0   0.1893   0.1817
127   -0.37500   -76.620   34.060   946.2   51.170   1.150   1013.0   0.0918   0.1897
128   -0.35417   -76.620   34.105   946.3   51.310   1.150   1013.0   -0.0117   0.1956
129   -0.33333   -76.620   34.150   946.5   51.450   1.150   1013.0   -0.1234   0.2045
130   -0.31250   -76.620   34.195   946.6   51.590   1.150   1013.0   -0.2377   0.2165
131   -0.29167   -76.620   34.240   946.7   51.730   1.150   1013.0   -0.3437   0.2263
132   -0.27083   -76.615   34.290   946.9   51.880   1.150   1013.0   -0.4424   0.2331
133   -0.25000   -76.610   34.340   947.0   52.030   1.150   1013.0   -0.5428   0.2402
134   -0.22917   -76.605   34.385   947.1   52.175   1.145   1013.0   -0.6371   0.2483
135   -0.20833   -76.600   34.430   947.3   52.320   1.140   1013.0   -0.7199   0.2578
136   -0.18750   -76.590   34.475   947.4   52.460   1.140   1013.0   -0.7964   0.2690
137   -0.16667   -76.580   34.520   947.5   52.600   1.140   1013.0   -0.8624   0.2806
138   -0.14583   -76.570   34.570   947.7   52.755   1.140   1013.0   -0.9138   0.2928
139   -0.12500   -76.560   34.620   947.8   52.910   1.140   1013.0   -0.9550   0.3105
140   -0.10417   -76.555   34.665   947.9   53.050   1.140   1013.0   -0.9960   0.3294
141   -0.08333   -76.550   34.710   948.1   53.190   1.140   1013.0   -1.0339   0.3450
142   -0.06250   -76.540   34.760   948.2   53.345   1.135   1013.0   -1.0718   0.3606
143   -0.04167   -76.530   34.810   948.3   53.500   1.130   1013.0   -1.1049   0.3786
144   -0.02083   -76.525   34.855   948.5   53.650   1.130   1013.0   -1.1266   0.3951
145   0.00000   -76.520   34.900   948.6   53.800   1.130   1013.0   -1.1425   0.4128
146   0.02083   -76.510   34.945   948.7   53.955   1.130   1013.0   -1.1589   0.4352
147   0.04167   -76.500   34.990   948.9   54.110   1.130   1013.0   -1.1767   0.4559
148   0.06250   -76.495   35.035   950.1   54.595   1.125   1013.0   -1.1849   0.4731
149   0.08333   -76.490   35.080   951.3   55.080   1.120   1013.0   -1.1778   0.4840
150   0.10417   -76.480   35.130   953.4   55.865   1.110   1013.0   -1.1361   0.4933
151   0.12500   -76.470   35.180   955.6   56.650   1.100   1013.0   -1.0531   0.4974
152   0.14583   -76.460   35.230   957.6   57.360   1.090   1013.0   -0.9738   0.4922
153   0.16667   -76.450   35.280   959.6   58.070   1.080   1013.0   -0.8994   0.4873
154   0.18750   -76.440   35.330   961.5   58.715   1.070   1013.0   -0.8281   0.4845
155   0.20833   -76.430   35.380   963.4   59.360   1.060   1013.0   -0.7682   0.4816
156   0.22917   -76.425   35.430   965.1   59.950   1.055   1013.0   -0.7297   0.4727
157   0.25000   -76.420   35.480   966.8   60.540   1.050   1013.0   -0.7034   0.4591
158   0.27083   -76.410   35.525   968.5   61.065   1.040   1013.0   -0.6835   0.4426
159   0.29167   -76.400   35.570   970.1   61.590   1.030   1013.0   -0.6637   0.4233
160   0.31250   -76.395   35.615   971.6   62.080   1.020   1013.0   -0.6413   0.4007
161   0.33333   -76.390   35.660   973.1   62.570   1.010   1013.0   -0.6145   0.3796
162   0.35417   -76.380   35.715   974.5   63.035   1.005   1013.0   -0.5879   0.3568
163   0.37500   -76.370   35.770   975.9   63.500   1.000   1013.0   -0.5625   0.3284
164   0.39583   -76.360   35.820   977.2   63.910   0.990   1013.0   -0.5367   0.2991
165   0.41667   -76.350   35.870   978.5   64.320   0.980   1013.0   -0.5064   0.2693
166   0.43750   -76.340   35.920   979.7   64.705   0.970   1013.0   -0.4716   0.2354
167   0.45833   -76.330   35.970   980.9   65.090   0.960   1013.0   -0.4370   0.1998
168   0.47917   -76.325   36.020   982.0   65.445   0.955   1013.0   -0.4071   0.1629
169   0.50000   -76.320   36.070   983.1   65.800   0.950   1013.0   -0.3823   0.1255
170   0.52083   -76.310   36.120   984.2   66.125   0.940   1013.0   -0.3648   0.0889
171   0.54167   -76.300   36.170   985.2   66.450   0.930   1013.0   -0.3524   0.0516
172   0.56250   -76.290   36.225   986.2   66.775   0.925   1013.0   -0.3408   0.0151
173   0.58333   -76.280   36.280   987.2   67.100   0.920   1013.0   -0.3270   -0.0184
174   0.60417   -76.270   36.325   988.1   67.390   0.910   1013.0   -0.3122   -0.0497
175   0.62500   -76.260   36.370   989.0   67.680   0.900   1013.0   -0.2983   -0.0728
176   0.64583   -76.255   36.425   989.8   67.965   0.895   1013.0   -0.2826   -0.0975
177   0.66667   -76.250   36.480   990.7   68.250   0.890   1013.0   -0.2663   -0.1217
178   0.68750   -76.240   36.530   991.5   68.510   0.880   1013.0   -0.2514   -0.1417
179   0.70833   -76.230   36.580   992.2   68.770   0.870   1013.0   -0.2397   -0.1590
180   0.72917   -76.220   36.635   993.0   69.035   0.865   1013.0   -0.2292   -0.1721
181   0.75000   -76.210   36.690   993.7   69.300   0.860   1013.0   -0.2161   -0.1788
182   0.77083   -76.200   36.745   994.4   69.550   0.855   1013.0   -0.2034   -0.1834
183   0.79167   -76.190   36.800   995.0   69.800   0.850   1013.0   -0.1941   -0.1834
184   0.81250   -76.185   36.850   995.7   70.030   0.840   1013.0   -0.1865   -0.1847
185   0.83333   -76.180   36.900   996.3   70.260   0.830   1013.0   -0.1793   -0.1863
186   0.85417   -76.170   36.950   996.9   70.495   0.825   1013.0   -0.1722   -0.1834
187   0.87500   -76.160   37.000   997.5   70.730   0.820   1013.0   -0.1648   -0.1792
188   0.89583   -76.150   37.055   998.0   70.960   0.815   1013.0   -0.1567   -0.1740
189   0.91667   -76.140   37.110   998.6   71.190   0.810   1013.0   -0.1495   -0.1678
190   0.93750   -76.130   37.165   999.1   71.415   0.800   1013.0   -0.1431   -0.1628
191   0.95833   -76.120   37.220   999.6   71.640   0.790   1013.0   -0.1371   -0.1595
192   0.97917   -76.110   37.275   1000.0   71.860   0.785   1013.0   -0.1318   -0.1570
193   1.00000   -76.100   37.330   1000.5   72.080   0.780   1013.0   -0.1270   -0.1539
