1   -3.00000   -69.930   23.470   942.6   34.280   1.650   1013.0   -0.0010   0.0073
2   -2.97917   -70.005   23.525   942.6   34.335   1.650   1013.0   -0.0017   0.0064
3   -2.95833   -70.080   23.580   942.6   34.390   1.650   1013.0   0.0006   0.0013
4   -2.93750   -70.155   23.640   942.6   34.450   1.650   1013.0   0.0061   -0.0036
5   -2.91667   -70.230   23.700   942.6   34.510   1.650   1013.0   0.0052   -0.0054
6   -2.89583   -70.305   23.755   942.6   34.565   1.650   1013.0   0.0022   -0.0032
7   -2.87500   -70.380   23.810   942.6   34.620   1.650   1013.0   -0.0003   0.0013
8   -2.85417   -70.460   23.865   942.6   34.680   1.650   1013.0   -0.0027   0.0045
9   -2.83333   -70.540   23.920   942.6   34.740   1.650   1013.0   -0.0024   0.0051
10   -2.81250   -70.615   23.975   942.6   34.795   1.645   1013.0   -0.0002   0.0032
11   -2.79167   -70.690   24.030   942.6   34.850   1.640   1013.0   0.0018   0.0003
12   -2.77083   -70.765   24.085   942.6   34.905   1.640   1013.0   0.0033   -0.0013
13   -2.75000   -70.840   24.140   942.6   34.960   1.640   1013.0   0.0058   0.0001
14   -2.72917   -70.915   24.195   942.6   35.020   1.640   1013.0   0.0057   0.0015
15   -2.70833   -70.990   24.250   942.6   35.080   1.640   1013.0   0.0023   0.0005
16   -2.68750   -71.065   24.310   942.6   35.140   1.640   1013.0   -0.0001   -0.0011
17   -2.66667   -71.140   24.370   942.6   35.200   1.640   1013.0   -0.0010   -0.0012
18   -2.64583   -71.215   24.425   942.6   35.260   1.640   1013.0   -0.0016   0.0009
19   -2.62500   -71.290   24.480   942.6   35.320   1.640   1013.0   -0.0018   0.0034
20   -2.60417   -71.365   24.540   942.6   35.390   1.635   1013.0   -0.0018   0.0041
21   -2.58333   -71.440   24.600   942.6   35.460   1.630   1013.0   -0.0008   0.0030
22   -2.56250   -71.510   24.665   942.6   35.525   1.630   1013.0   0.0054   0.0015
23   -2.54167   -71.580   24.730   942.6   35.590   1.630   1013.0   0.0100   -0.0014
24   -2.52083   -71.655   24.790   942.6   35.660   1.630   1013.0   0.0073   -0.0045
25   -2.50000   -71.730   24.850   942.6   35.730   1.630   1013.0   0.0053   -0.0022
26   -2.47917   -71.795   24.910   942.6   35.795   1.630   1013.0   0.0045   0.0043
27   -2.45833   -71.860   24.970   942.6   35.860   1.630   1013.0   0.0034   0.0076
28   -2.43750   -71.935   25.030   942.6   35.925   1.625   1013.0   0.0045   0.0050
29   -2.41667   -72.010   25.090   942.6   35.990   1.620   1013.0   0.0074   -0.0008
30   -2.39583   -72.080   25.155   942.6   36.060   1.620   1013.0   0.0117   -0.0041
31   -2.37500   -72.150   25.220   942.6   36.130   1.620   1013.0   0.0214   -0.0039
32   -2.35417   -72.225   25.280   942.6   36.200   1.620   1013.0   0.0242   -0.0006
33   -2.33333   -72.300   25.340   942.6   36.270   1.620   1013.0   0.0220   0.0037
34   -2.31250   -72.370   25.400   942.6   36.340   1.620   1013.0   0.0214   0.0067
35   -2.29167   -72.440   25.460   942.6   36.410   1.620   1013.0   0.0156   0.0084
36   -2.27083   -72.510   25.525   942.6   36.485   1.615   1013.0   0.0117   0.0053
37   -2.25000   -72.580   25.590   942.6   36.560   1.610   1013.0   0.0135   -0.0010
38   -2.22917   -72.650   25.645   942.6   36.625   1.610   1013.0   0.0125   -0.0037
39   -2.20833   -72.720   25.700   942.6   36.690   1.610   1013.0   0.0100   -0.0026
40   -2.18750   -72.790   25.765   942.6   36.765   1.610   1013.0   0.0136   -0.0002
41   -2.16667   -72.860   25.830   942.6   36.840   1.610   1013.0   0.0172   0.0063
42   -2.14583   -72.930   25.895   942.6   36.920   1.610   1013.0   0.0178   0.0099
43   -2.12500   -73.000   25.960   942.6   37.000   1.610   1013.0   0.0189   0.0093
44   -2.10417   -73.065   26.030   942.6   37.080   1.605   1013.0   0.0205   0.0076
45   -2.08333   -73.130   26.100   942.6   37.160   1.600   1013.0   0.0187   0.0051
46   -2.06250   -73.200   26.165   942.6   37.245   1.600   1013.0   0.0197   0.0010
47   -2.04167   -73.270   26.230   942.6   37.330   1.600   1013.0   0.0224   -0.0009
48   -2.02083   -73.335   26.300   942.6   37.410   1.600   1013.0   0.0156   -0.0005
49   -2.00000   -73.400   26.370   942.6   37.490   1.600   1013.0   0.0128   -0.0010
50   -1.97917   -73.465   26.430   942.6   37.570   1.600   1013.0   0.0145   -0.0003
51   -1.95833   -73.530   26.490   942.6   37.650   1.600   1013.0   0.0140   0.0021
52   -1.93750   -73.595   26.560   942.6   37.730   1.595   1013.0   0.0171   0.0047
53   -1.91667   -73.660   26.630   942.6   37.810   1.590   1013.0   0.0203   0.0050
54   -1.89583   -73.730   26.695   942.6   37.895   1.590   1013.0   0.0188   0.0032
55   -1.87500   -73.800   26.760   942.6   37.980   1.590   1013.0   0.0192   0.0015
56   -1.85417   -73.865   26.830   942.6   38.065   1.590   1013.0   0.0199   -0.0017
57   -1.83333   -73.930   26.900   942.6   38.150   1.590   1013.0   0.0163   -0.0054
58   -1.81250   -74.000   26.965   942.6   38.235   1.590   1013.0   0.0161   -0.0087
59   -1.79167   -74.070   27.030   942.6   38.320   1.590   1013.0   0.0228   -0.0081
60   -1.77083   -74.135   27.095   942.6   38.405   1.585   1013.0   0.0239   -0.0018
61   -1.75000   -74.200   27.160   942.6   38.490   1.580   1013.0   0.0188   0.0041
62   -1.72917   -74.270   27.230   942.6   38.580   1.580   1013.0   0.0177   0.0045
63   -1.70833   -74.340   27.300   942.6   38.670   1.580   1013.0   0.0157   0.0017
64   -1.68750   -74.405   27.365   942.6   38.760   1.580   1013.0   0.0136   -0.0032
65   -1.66667   -74.470   27.430   942.6   38.850   1.580   1013.0   0.0174   -0.0094
66   -1.64583   -74.535   27.500   942.6   38.935   1.580   1013.0   0.0226   -0.0125
67   -1.62500   -74.600   27.570   942.6   39.020   1.580   1013.0   0.0222   -0.0101
68   -1.60417   -74.660   27.645   942.6   39.125   1.575   1013.0   0.0234   -0.0055
69   -1.58333   -74.720   27.720   942.6   39.230   1.570   1013.0   0.0237   -0.0014
70   -1.56250   -74.775   27.795   942.6   39.335   1.570   1013.0   0.0202   -0.0013
71   -1.54167   -74.830   27.870   942.6   39.440   1.570   1013.0   0.0187   -0.0041
72   -1.52083   -74.885   27.950   942.6   39.545   1.570   1013.0   0.0210   -0.0095
73   -1.50000   -74.940   28.030   942.6   39.650   1.570   1013.0   0.0177   -0.0127
74   -1.47917   -74.995   28.105   942.6   39.755   1.565   1013.0   0.0155   -0.0126
75   -1.45833   -75.050   28.180   942.6   39.860   1.560   1013.0   0.0183   -0.0099
76   -1.43750   -75.105   28.255   942.6   39.970   1.560   1013.0   0.0181   -0.0084
77   -1.41667   -75.160   28.330   942.6   40.080   1.560   1013.0   0.0172   -0.0077
78   -1.39583   -75.220   28.410   942.6   40.185   1.560   1013.0   0.0230   -0.0069
79   -1.37500   -75.280   28.490   942.6   40.290   1.560   1013.0   0.0265   -0.0071
80   -1.35417   -75.335   28.565   942.6   40.400   1.555   1013.0   0.0242   -0.0089
81   -1.33333   -75.390   28.640   942.6   40.510   1.550   1013.0   0.0261   -0.0092
82   -1.31250   -75.445   28.720   942.6   40.630   1.550   1013.0   0.0272   -0.0083
83   -1.29167   -75.500   28.800   942.6   40.750   1.550   1013.0   0.0233   -0.0101
84   -1.27083   -75.560   28.880   942.6   40.860   1.550   1013.0   0.0210   -0.0107
85   -1.25000   -75.620   28.960   942.6   40.970   1.550   1013.0   0.0245   -0.0098
86   -1.22917   -75.675   29.035   942.6   41.085   1.545   1013.0   0.0263   -0.0100
87   -1.20833   -75.730   29.110   942.6   41.200   1.540   1013.0   0.0276   -0.0099
88   -1.18750   -75.790   29.190   942.6   41.320   1.540   1013.0   0.0309   -0.0074
89   -1.16667   -75.850   29.270   942.6   41.440   1.540   1013.0   0.0300   -0.0078
90   -1.14583   -75.900   29.350   942.6   41.560   1.540   1013.0   0.0268   -0.0092
91   -1.12500   -75.950   29.430   942.6   41.680   1.540   1013.0   0.0291   -0.0126
92   -1.10417   -75.975   29.520   942.6   41.820   1.535   1013.0   0.0323   -0.0153
93   -1.08333   -76.000   29.610   942.6   41.960   1.530   1013.0   0.0327   -0.0164
94   -1.06250   -76.030   29.705   942.6   42.100   1.530   1013.0   0.0319   -0.0147
95   -1.04167   -76.060   29.800   942.6   42.240   1.530   1013.0   0.0309   -0.0133
96   -1.02083   -76.085   29.890   942.6   42.385   1.525   1013.0   0.0249   -0.0119
97   -1.00000   -76.110   29.980   942.6   42.530   1.520   1013.0   0.0240   -0.0115
98   -0.97917   -76.135   30.070   942.6   42.675   1.520   1013.0   0.0316   -0.0133
99   -0.95833   -76.160   30.160   942.6   42.820   1.520   1013.0   0.0364   -0.0146
100   -0.93750   -76.190   30.255   942.7   43.010   1.520   1013.0   0.0373   -0.0146
101   -0.91667   -76.220   30.350   942.9   43.200   1.520   1013.0   0.0412   -0.0133
102   -0.89583   -76.245   30.440   943.0   43.390   1.515   1013.0   0.0454   -0.0102
103   -0.87500   -76.270   30.530   943.1   43.580   1.510   1013.0   0.0501   -0.0077
104   -0.85417   -76.300   30.630   943.3   43.775   1.510   1013.0   0.0590   -0.0081
105   -0.83333   -76.330   30.730   943.4   43.970   1.510   1013.0   0.0649   -0.0105
106   -0.81250   -76.360   30.820   943.5   44.160   1.505   1013.0   0.0620   -0.0111
107   -0.79167   -76.390   30.910   943.7   44.350   1.500   1013.0   0.0603   -0.0122
108   -0.77083   -76.415   31.005   943.8   44.555   1.500   1013.0   0.0677   -0.0106
109   -0.75000   -76.440   31.100   943.9   44.760   1.500   1013.0   0.0770   -0.0084
110   -0.72917   -76.460   31.195   944.1   44.965   1.495   1013.0   0.0788   -0.0113
111   -0.70833   -76.480   31.290   944.2   45.170   1.490   1013.0   0.0840   -0.0119
112   -0.68750   -76.485   31.390   944.3   45.385   1.490   1013.0   0.0920   -0.0097
113   -0.66667   -76.490   31.490   944.5   45.600   1.490   1013.0   0.0997   -0.0096
114   -0.64583   -76.500   31.590   944.6   45.815   1.485   1013.0   0.1075   -0.0104
115   -0.62500   -76.510   31.690   944.7   46.030   1.480   1013.0   0.1165   -0.0093
116   -0.60417   -76.515   31.790   944.9   46.255   1.480   1013.0   0.1235   -0.0081
117   -0.58333   -76.520   31.890   945.0   46.480   1.480   1013.0   0.1375   -0.0086
118   -0.56250   -76.525   31.990   945.1   46.700   1.475   1013.0   0.1497   -0.0078
119   -0.54167   -76.530   32.090   945.3   46.920   1.470   1013.0   0.1562   -0.0072
120   -0.52083   -76.535   32.195   945.4   47.160   1.470   1013.0   0.1695   -0.0073
121   -0.50000   -76.540   32.300   945.5   47.400   1.470   1013.0   0.1901   -0.0026
122   -0.47917   -76.545   32.400   945.7   47.630   1.465   1013.0   0.2047   0.0027
123   -0.45833   -76.550   32.500   945.8   47.860   1.460   1013.0   0.2210   0.0062
124   -0.43750   -76.555   32.605   945.9   48.105   1.460   1013.0   0.2387   0.0069
125   -0.41667   -76.560   32.710   946.1   48.350   1.460   1013.0   0.2567   0.0065
126   -0.39583   -76.565   32.815   946.2   48.595   1.455   1013.0   0.2759   0.0081
127   -0.37500   -76.570   32.920   946.3   48.840   1.450   1013.0   0.2949   0.0121
128   -0.35417   -76.565   33.025   946.5   49.090   1.450   1013.0   0.3145   0.0168
129   -0.33333   -76.560   33.130   946.6   49.340   1.450   1013.0   0.3265   0.0210
130   -0.31250   -76.555   33.240   946.7   49.605   1.445   1013.0   0.3377   0.0258
131   -0.29167   -76.550   33.350   946.9   49.870   1.440   1013.0   0.3506   0.0312
132   -0.27083   -76.545   33.455   947.0   50.130   1.435   1013.0   0.3498   0.0386
133   -0.25000   -76.540   33.560   947.1   50.390   1.430   1013.0   0.3470   0.0460
134   -0.22917   -76.535   33.670   947.3   50.665   1.430   1013.0   0.3565   0.0541
135   -0.20833   -76.530   33.780   947.4   50.940   1.430   1013.0   0.3605   0.0650
136   -0.18750   -76.525   33.890   947.5   51.215   1.425   1013.0   0.3500   0.0777
137   -0.16667   -76.520   34.000   947.7   51.490   1.420   1013.0   0.3216   0.0911
138   -0.14583   -76.510   34.115   947.8   51.785   1.420   1013.0   0.2595   0.1081
139   -0.12500   -76.500   34.230   947.9   52.080   1.420   1013.0   0.1550   0.1302
140   -0.10417   -76.495   34.340   948.1   52.365   1.415   1013.0   0.0016   0.1542
141   -0.08333   -76.490   34.450   948.2   52.650   1.410   1013.0   -0.2015   0.1795
142   -0.06250   -76.470   34.570   948.3   52.960   1.405   1013.0   -0.4406   0.2090
143   -0.04167   -76.450   34.690   948.5   53.270   1.400   1013.0   -0.6776   0.2455
144   -0.02083   -76.430   34.800   948.6   53.575   1.400   1013.0   -0.8771   0.2890
145   0.00000   -76.410   34.910   948.7   53.880   1.400   1013.0   -0.9940   0.3454
146   0.02083   -76.390   35.030   948.9   54.200   1.395   1013.0   -0.9896   0.4201
147   0.04167   -76.370   35.150   949.0   54.520   1.390   1013.0   -0.9527   0.5044
148   0.06250   -76.350   35.265   952.0   55.750   1.370   1013.0   -0.9015   0.6052
149   0.08333   -76.330   35.380   955.1   56.980   1.350   1013.0   -0.8399   0.7298
150   0.10417   -76.310   35.500   957.9   58.105   1.325   1013.0   -0.7338   0.8342
151   0.12500   -76.290   35.620   960.6   59.230   1.300   1013.0   -0.5908   0.9203
152   0.14583   -76.270   35.740   963.1   60.235   1.280   1013.0   -0.3881   0.9631
153   0.16667   -76.250   35.860   965.6   61.240   1.260   1013.0   -0.2234   0.9267
154   0.18750   -76.225   35.990   967.8   62.180   1.240   1013.0   -0.1751   0.7981
155   0.20833   -76.200   36.120   970.1   63.120   1.220   1013.0   -0.2141   0.5523
156   0.22917   -76.180   36.240   972.2   63.965   1.195   1013.0   -0.2923   0.2743
157   0.25000   -76.160   36.360   974.2   64.810   1.170   1013.0   -0.3696   -0.0130
158   0.27083   -76.140   36.490   976.0   65.605   1.155   1013.0   -0.4501   -0.2474
159   0.29167   -76.120   36.620   977.9   66.400   1.140   1013.0   -0.5199   -0.4114
160   0.31250   -76.100   36.745   979.6   67.135   1.120   1013.0   -0.5540   -0.5162
161   0.33333   -76.080   36.870   981.2   67.870   1.100   1013.0   -0.5296   -0.5775
162   0.35417   -76.055   37.005   982.7   68.575   1.080   1013.0   -0.4574   -0.6006
163   0.37500   -76.030   37.140   984.3   69.280   1.060   1013.0   -0.3657   -0.5766
164   0.39583   -76.005   37.275   985.6   69.955   1.045   1013.0   -0.2945   -0.5207
165   0.41667   -75.980   37.410   987.0   70.630   1.030   1013.0   -0.2509   -0.4700
166   0.43750   -75.955   37.545   988.2   71.285   1.010   1013.0   -0.2401   -0.4563
167   0.45833   -75.930   37.680   989.5   71.940   0.990   1013.0   -0.2432   -0.4695
168   0.47917   -75.905   37.820   990.6   72.580   0.975   1013.0   -0.2526   -0.4889
169   0.50000   -75.880   37.960   991.7   73.220   0.960   1013.0   -0.2660   -0.5094
170   0.52083   -75.855   38.100   992.7   73.855   0.945   1013.0   -0.2780   -0.5072
171   0.54167   -75.830   38.240   993.7   74.490   0.930   1013.0   -0.2896   -0.4946
172   0.56250   -75.805   38.385   994.6   75.115   0.915   1013.0   -0.2977   -0.4492
173   0.58333   -75.805   38.385   994.6   75.115   0.915   1013.0   -0.2977   -0.4492
174   0.60417   -75.805   38.385   994.6   75.115   0.915   1013.0   -0.2977   -0.4492
175   0.62500   -75.805   38.385   994.6   75.115   0.915   1013.0   -0.2977   -0.4492
176   0.64583   -75.805   38.385   994.6   75.115   0.915   1013.0   -0.2977   -0.4492
177   0.66667   -75.805   38.385   994.6   75.115   0.915   1013.0   -0.2977   -0.4492
178   0.68750   -75.805   38.385   994.6   75.115   0.915   1013.0   -0.2977   -0.4492
179   0.70833   -75.805   38.385   994.6   75.115   0.915   1013.0   -0.2977   -0.4492
180   0.72917   -75.805   38.385   994.6   75.115   0.915   1013.0   -0.2977   -0.4492
181   0.75000   -75.805   38.385   994.6   75.115   0.915   1013.0   -0.2977   -0.4492
182   0.77083   -75.805   38.385   994.6   75.115   0.915   1013.0   -0.2977   -0.4492
183   0.79167   -75.805   38.385   994.6   75.115   0.915   1013.0   -0.2977   -0.4492
184   0.81250   -75.805   38.385   994.6   75.115   0.915   1013.0   -0.2977   -0.4492
185   0.83333   -75.805   38.385   994.6   75.115   0.915   1013.0   -0.2977   -0.4492
186   0.85417   -75.805   38.385   994.6   75.115   0.915   1013.0   -0.2977   -0.4492
187   0.87500   -75.805   38.385   994.6   75.115   0.915   1013.0   -0.2977   -0.4492
188   0.89583   -75.805   38.385   994.6   75.115   0.915   1013.0   -0.2977   -0.4492
189   0.91667   -75.805   38.385   994.6   75.115   0.915   1013.0   -0.2977   -0.4492
190   0.93750   -75.805   38.385   994.6   75.115   0.915   1013.0   -0.2977   -0.4492
191   0.95833   -75.805   38.385   994.6   75.115   0.915   1013.0   -0.2977   -0.4492
192   0.97917   -75.805   38.385   994.6   75.115   0.915   1013.0   -0.2977   -0.4492
193   1.00000   -75.805   38.385   994.6   75.115   0.915   1013.0   -0.2977   -0.4492
