1   -3.00000   -70.360   23.260   973.4   39.820   1.630   1013.0   0.0020   0.0006
2   -2.97917   -70.435   23.315   973.4   39.885   1.625   1013.0   -0.0003   -0.0005
3   -2.95833   -70.510   23.370   973.4   39.950   1.620   1013.0   0.0007   -0.0004
4   -2.93750   -70.590   23.425   973.4   40.015   1.620   1013.0   0.0009   0.0010
5   -2.91667   -70.670   23.480   973.4   40.080   1.620   1013.0   0.0015   0.0012
6   -2.89583   -70.745   23.540   973.4   40.145   1.620   1013.0   0.0003   0.0009
7   -2.87500   -70.820   23.600   973.4   40.210   1.620   1013.0   -0.0015   0.0002
8   -2.85417   -70.895   23.655   973.4   40.275   1.620   1013.0   0.0026   -0.0003
9   -2.83333   -70.970   23.710   973.4   40.340   1.620   1013.0   0.0069   -0.0004
10   -2.81250   -71.050   23.765   973.4   40.410   1.620   1013.0   0.0048   0.0006
11   -2.79167   -71.130   23.820   973.4   40.480   1.620   1013.0   0.0064   0.0012
12   -2.77083   -71.205   23.880   973.4   40.545   1.615   1013.0   0.0091   0.0023
13   -2.75000   -71.280   23.940   973.4   40.610   1.610   1013.0   0.0121   0.0022
14   -2.72917   -71.355   23.995   973.4   40.680   1.610   1013.0   0.0164   0.0011
15   -2.70833   -71.430   24.050   973.4   40.750   1.610   1013.0   0.0189   0.0002
16   -2.68750   -71.505   24.105   973.4   40.820   1.610   1013.0   0.0179   -0.0005
17   -2.66667   -71.580   24.160   973.4   40.890   1.610   1013.0   0.0187   -0.0007
18   -2.64583   -71.655   24.220   973.4   40.960   1.610   1013.0   0.0192   0.0009
19   -2.62500   -71.730   24.280   973.4   41.030   1.610   1013.0   0.0142   0.0023
20   -2.60417   -71.800   24.340   973.4   41.105   1.605   1013.0   0.0121   0.0020
21   -2.58333   -71.870   24.400   973.4   41.180   1.600   1013.0   0.0106   0.0021
22   -2.56250   -71.940   24.460   973.4   41.255   1.600   1013.0   0.0091   0.0016
23   -2.54167   -72.010   24.520   973.4   41.330   1.600   1013.0   0.0114   0.0013
24   -2.52083   -72.085   24.580   973.4   41.410   1.600   1013.0   0.0141   0.0015
25   -2.50000   -72.160   24.640   973.4   41.490   1.600   1013.0   0.0136   0.0037
26   -2.47917   -72.230   24.705   973.4   41.565   1.600   1013.0   0.0172   0.0043
27   -2.45833   -72.300   24.770   973.4   41.640   1.600   1013.0   0.0211   0.0051
28   -2.43750   -72.375   24.830   973.4   41.720   1.595   1013.0   0.0214   0.0037
29   -2.41667   -72.450   24.890   973.4   41.800   1.590   1013.0   0.0200   0.0038
30   -2.39583   -72.520   24.950   973.4   41.880   1.590   1013.0   0.0176   0.0044
31   -2.37500   -72.590   25.010   973.4   41.960   1.590   1013.0   0.0184   0.0030
32   -2.35417   -72.660   25.070   973.4   42.040   1.590   1013.0   0.0173   0.0006
33   -2.33333   -72.730   25.130   973.4   42.120   1.590   1013.0   0.0137   -0.0012
34   -2.31250   -72.800   25.190   973.4   42.200   1.590   1013.0   0.0107   -0.0009
35   -2.29167   -72.870   25.250   973.4   42.280   1.590   1013.0   0.0116   0.0006
36   -2.27083   -72.945   25.315   973.4   42.360   1.585   1013.0   0.0155   0.0007
37   -2.25000   -73.020   25.380   973.4   42.440   1.580   1013.0   0.0179   0.0007
38   -2.22917   -73.090   25.440   973.4   42.525   1.580   1013.0   0.0155   0.0009
39   -2.20833   -73.160   25.500   973.4   42.610   1.580   1013.0   0.0151   -0.0001
40   -2.18750   -73.230   25.565   973.4   42.695   1.580   1013.0   0.0181   -0.0018
41   -2.16667   -73.300   25.630   973.4   42.780   1.580   1013.0   0.0205   -0.0044
42   -2.14583   -73.365   25.695   973.4   42.870   1.580   1013.0   0.0186   -0.0065
43   -2.12500   -73.430   25.760   973.4   42.960   1.580   1013.0   0.0168   -0.0055
44   -2.10417   -73.495   25.825   973.4   43.050   1.575   1013.0   0.0168   -0.0035
45   -2.08333   -73.560   25.890   973.4   43.140   1.570   1013.0   0.0161   -0.0026
46   -2.06250   -73.630   25.960   973.4   43.235   1.570   1013.0   0.0167   -0.0025
47   -2.04167   -73.700   26.030   973.4   43.330   1.570   1013.0   0.0145   -0.0034
48   -2.02083   -73.765   26.095   973.4   43.425   1.570   1013.0   0.0112   -0.0049
49   -2.00000   -73.830   26.160   973.4   43.520   1.570   1013.0   0.0142   -0.0066
50   -1.97917   -73.900   26.225   973.4   43.615   1.570   1013.0   0.0181   -0.0077
51   -1.95833   -73.970   26.290   973.4   43.710   1.570   1013.0   0.0169   -0.0077
52   -1.93750   -74.035   26.360   973.4   43.805   1.565   1013.0   0.0159   -0.0074
53   -1.91667   -74.100   26.430   973.4   43.900   1.560   1013.0   0.0154   -0.0081
54   -1.89583   -74.165   26.495   973.4   43.990   1.560   1013.0   0.0161   -0.0081
55   -1.87500   -74.230   26.560   973.4   44.080   1.560   1013.0   0.0179   -0.0064
56   -1.85417   -74.295   26.625   973.4   44.180   1.560   1013.0   0.0176   -0.0067
57   -1.83333   -74.360   26.690   973.4   44.280   1.560   1013.0   0.0131   -0.0088
58   -1.81250   -74.430   26.755   973.4   44.380   1.555   1013.0   0.0120   -0.0084
59   -1.79167   -74.500   26.820   973.4   44.480   1.550   1013.0   0.0155   -0.0079
60   -1.77083   -74.565   26.890   973.4   44.580   1.550   1013.0   0.0171   -0.0092
61   -1.75000   -74.630   26.960   973.4   44.680   1.550   1013.0   0.0155   -0.0102
62   -1.72917   -74.700   27.025   973.4   44.780   1.550   1013.0   0.0150   -0.0102
63   -1.70833   -74.770   27.090   973.4   44.880   1.550   1013.0   0.0169   -0.0087
64   -1.68750   -74.835   27.160   973.4   44.980   1.550   1013.0   0.0201   -0.0072
65   -1.66667   -74.900   27.230   973.4   45.080   1.550   1013.0   0.0203   -0.0078
66   -1.64583   -74.965   27.295   973.4   45.185   1.545   1013.0   0.0158   -0.0090
67   -1.62500   -75.030   27.360   973.4   45.290   1.540   1013.0   0.0125   -0.0102
68   -1.60417   -75.085   27.440   973.4   45.410   1.540   1013.0   0.0126   -0.0114
69   -1.58333   -75.140   27.520   973.4   45.530   1.540   1013.0   0.0130   -0.0122
70   -1.56250   -75.195   27.595   973.4   45.650   1.540   1013.0   0.0124   -0.0124
71   -1.54167   -75.250   27.670   973.4   45.770   1.540   1013.0   0.0135   -0.0120
72   -1.52083   -75.310   27.750   973.4   45.890   1.535   1013.0   0.0164   -0.0119
73   -1.50000   -75.370   27.830   973.4   46.010   1.530   1013.0   0.0169   -0.0114
74   -1.47917   -75.425   27.905   973.4   46.135   1.530   1013.0   0.0158   -0.0105
75   -1.45833   -75.480   27.980   973.4   46.260   1.530   1013.0   0.0164   -0.0105
76   -1.43750   -75.535   28.055   973.4   46.385   1.530   1013.0   0.0164   -0.0122
77   -1.41667   -75.590   28.130   973.4   46.510   1.530   1013.0   0.0147   -0.0143
78   -1.39583   -75.645   28.210   973.4   46.635   1.525   1013.0   0.0147   -0.0144
79   -1.37500   -75.700   28.290   973.4   46.760   1.520   1013.0   0.0150   -0.0128
80   -1.35417   -75.755   28.365   973.4   46.885   1.520   1013.0   0.0127   -0.0108
81   -1.33333   -75.810   28.440   973.4   47.010   1.520   1013.0   0.0125   -0.0103
82   -1.31250   -75.865   28.515   973.4   47.140   1.520   1013.0   0.0138   -0.0104
83   -1.29167   -75.920   28.590   973.4   47.270   1.520   1013.0   0.0147   -0.0113
84   -1.27083   -75.980   28.670   973.4   47.395   1.515   1013.0   0.0167   -0.0124
85   -1.25000   -76.040   28.750   973.4   47.520   1.510   1013.0   0.0189   -0.0135
86   -1.22917   -76.095   28.825   973.4   47.655   1.510   1013.0   0.0175   -0.0135
87   -1.20833   -76.150   28.900   973.4   47.790   1.510   1013.0   0.0197   -0.0132
88   -1.18750   -76.210   28.980   973.4   47.925   1.510   1013.0   0.0212   -0.0120
89   -1.16667   -76.270   29.060   973.4   48.060   1.510   1013.0   0.0184   -0.0112
90   -1.14583   -76.315   29.145   973.4   48.205   1.505   1013.0   0.0179   -0.0111
91   -1.12500   -76.360   29.230   973.4   48.350   1.500   1013.0   0.0183   -0.0133
92   -1.10417   -76.385   29.320   973.4   48.510   1.500   1013.0   0.0163   -0.0140
93   -1.08333   -76.410   29.410   973.4   48.670   1.500   1013.0   0.0147   -0.0174
94   -1.06250   -76.440   29.500   973.4   48.835   1.495   1013.0   0.0162   -0.0180
95   -1.04167   -76.470   29.590   973.4   49.000   1.490   1013.0   0.0158   -0.0178
96   -1.02083   -76.495   29.680   973.4   49.165   1.490   1013.0   0.0161   -0.0169
97   -1.00000   -76.520   29.770   973.4   49.330   1.490   1013.0   0.0180   -0.0159
98   -0.97917   -76.545   29.860   973.4   49.495   1.485   1013.0   0.0183   -0.0167
99   -0.95833   -76.570   29.950   973.4   49.660   1.480   1013.0   0.0186   -0.0177
100   -0.93750   -76.600   30.045   973.5   49.840   1.480   1013.0   0.0207   -0.0177
101   -0.91667   -76.630   30.140   973.5   50.020   1.480   1013.0   0.0243   -0.0174
102   -0.89583   -76.655   30.230   973.6   50.205   1.480   1013.0   0.0277   -0.0169
103   -0.87500   -76.680   30.320   973.7   50.390   1.480   1013.0   0.0305   -0.0170
104   -0.85417   -76.710   30.415   973.8   50.590   1.475   1013.0   0.0319   -0.0166
105   -0.83333   -76.740   30.510   973.8   50.790   1.470   1013.0   0.0337   -0.0166
106   -0.81250   -76.765   30.600   973.9   50.980   1.470   1013.0   0.0368   -0.0166
107   -0.79167   -76.790   30.690   974.0   51.170   1.470   1013.0   0.0412   -0.0178
108   -0.77083   -76.820   30.785   974.1   51.370   1.465   1013.0   0.0443   -0.0189
109   -0.75000   -76.850   30.880   974.2   51.570   1.460   1013.0   0.0473   -0.0199
110   -0.72917   -76.870   30.980   974.2   51.780   1.460   1013.0   0.0491   -0.0200
111   -0.70833   -76.890   31.080   974.3   51.990   1.460   1013.0   0.0501   -0.0197
112   -0.68750   -76.895   31.175   974.4   52.195   1.455   1013.0   0.0518   -0.0194
113   -0.66667   -76.900   31.270   974.5   52.400   1.450   1013.0   0.0573   -0.0198
114   -0.64583   -76.905   31.370   974.5   52.615   1.450   1013.0   0.0629   -0.0205
115   -0.62500   -76.910   31.470   974.6   52.830   1.450   1013.0   0.0687   -0.0213
116   -0.60417   -76.915   31.570   974.7   53.055   1.445   1013.0   0.0738   -0.0223
117   -0.58333   -76.920   31.670   974.7   53.280   1.440   1013.0   0.0784   -0.0222
118   -0.56250   -76.925   31.770   974.8   53.505   1.440   1013.0   0.0850   -0.0223
119   -0.54167   -76.930   31.870   974.9   53.730   1.440   1013.0   0.0972   -0.0210
120   -0.52083   -76.935   31.970   975.0   53.955   1.435   1013.0   0.1081   -0.0207
121   -0.50000   -76.940   32.070   975.1   54.180   1.430   1013.0   0.1202   -0.0203
122   -0.47917   -76.945   32.175   975.1   54.425   1.430   1013.0   0.1331   -0.0192
123   -0.45833   -76.950   32.280   975.2   54.670   1.430   1013.0   0.1463   -0.0171
124   -0.43750   -76.955   32.380   975.3   54.900   1.425   1013.0   0.1650   -0.0143
125   -0.41667   -76.960   32.480   975.4   55.130   1.420   1013.0   0.1835   -0.0139
126   -0.39583   -76.965   32.585   975.4   55.380   1.420   1013.0   0.2038   -0.0136
127   -0.37500   -76.970   32.690   975.5   55.630   1.420   1013.0   0.2273   -0.0143
128   -0.35417   -76.965   32.795   975.6   55.885   1.415   1013.0   0.2503   -0.0143
129   -0.33333   -76.960   32.900   975.6   56.140   1.410   1013.0   0.2760   -0.0135
130   -0.31250   -76.955   33.005   975.7   56.395   1.410   1013.0   0.3083   -0.0120
131   -0.29167   -76.950   33.110   975.8   56.650   1.410   1013.0   0.3453   -0.0094
132   -0.27083   -76.945   33.220   975.9   56.925   1.405   1013.0   0.3855   -0.0063
133   -0.25000   -76.940   33.330   976.0   57.200   1.400   1013.0   0.4336   -0.0033
134   -0.22917   -76.935   33.435   976.0   57.460   1.395   1013.0   0.4990   -0.0015
135   -0.20833   -76.930   33.540   976.1   57.720   1.390   1013.0   0.5774   0.0007
136   -0.18750   -76.925   33.650   976.2   58.005   1.390   1013.0   0.6530   0.0043
137   -0.16667   -76.920   33.760   976.2   58.290   1.390   1013.0   0.7013   0.0093
138   -0.14583   -76.915   33.870   976.3   58.575   1.385   1013.0   0.7186   0.0150
139   -0.12500   -76.910   33.980   976.4   58.860   1.380   1013.0   0.6978   0.0222
140   -0.10417   -76.900   34.095   976.5   59.160   1.380   1013.0   0.6232   0.0287
141   -0.08333   -76.890   34.210   976.5   59.460   1.380   1013.0   0.4918   0.0352
142   -0.06250   -76.875   34.320   976.6   59.765   1.375   1013.0   0.3127   0.0427
143   -0.04167   -76.860   34.430   976.7   60.070   1.370   1013.0   0.1140   0.0518
144   -0.02083   -76.840   34.545   976.8   60.375   1.365   1013.0   -0.0822   0.0628
145   0.00000   -76.820   34.660   976.9   60.680   1.360   1013.0   -0.2573   0.0770
146   0.02083   -76.800   34.775   976.9   60.995   1.360   1013.0   -0.3981   0.0955
147   0.04167   -76.780   34.890   977.0   61.310   1.360   1013.0   -0.5028   0.1142
148   0.06250   -76.760   35.000   978.4   61.895   1.335   1013.0   -0.5740   0.1331
149   0.08333   -76.740   35.110   979.9   62.480   1.310   1013.0   -0.6099   0.1476
150   0.10417   -76.720   35.230   981.2   63.050   1.285   1013.0   -0.5695   0.1600
151   0.12500   -76.700   35.350   982.5   63.620   1.260   1013.0   -0.4595   0.1720
152   0.14583   -76.680   35.475   983.7   64.180   1.240   1013.0   -0.3276   0.1814
153   0.16667   -76.660   35.600   984.9   64.740   1.220   1013.0   -0.2074   0.1802
154   0.18750   -76.640   35.715   986.1   65.260   1.200   1013.0   -0.1414   0.1693
155   0.20833   -76.620   35.830   987.2   65.780   1.180   1013.0   -0.1140   0.1457
156   0.22917   -76.595   35.955   988.2   66.300   1.155   1013.0   -0.1160   0.1108
157   0.25000   -76.570   36.080   989.3   66.820   1.130   1013.0   -0.1716   0.0592
158   0.27083   -76.550   36.205   990.2   67.345   1.110   1013.0   -0.2542   -0.0112
159   0.29167   -76.530   36.330   991.1   67.870   1.090   1013.0   -0.3245   -0.0954
160   0.31250   -76.510   36.455   992.0   68.365   1.075   1013.0   -0.3630   -0.1734
161   0.33333   -76.490   36.580   992.9   68.860   1.060   1013.0   -0.3783   -0.2385
162   0.35417   -76.465   36.715   993.7   69.380   1.040   1013.0   -0.3734   -0.2888
163   0.37500   -76.440   36.850   994.5   69.900   1.020   1013.0   -0.3426   -0.3281
164   0.39583   -76.420   36.975   995.2   70.395   1.000   1013.0   -0.2877   -0.3539
165   0.41667   -76.400   37.100   996.0   70.890   0.980   1013.0   -0.2222   -0.3672
166   0.43750   -76.375   37.240   996.6   71.420   0.965   1013.0   -0.1642   -0.3623
167   0.45833   -76.350   37.380   997.3   71.950   0.950   1013.0   -0.1319   -0.3475
168   0.47917   -76.325   37.510   998.0   72.460   0.935   1013.0   -0.1304   -0.3294
169   0.50000   -76.300   37.640   998.6   72.970   0.920   1013.0   -0.1505   -0.3104
170   0.52083   -76.275   37.780   999.2   73.495   0.900   1013.0   -0.1785   -0.2967
171   0.54167   -76.250   37.920   999.7   74.020   0.880   1013.0   -0.2059   -0.2923
172   0.56250   -76.225   38.060   1000.3   74.570   0.865   1013.0   -0.2225   -0.2982
173   0.58333   -76.200   38.200   1000.8   75.120   0.850   1013.0   -0.2259   -0.3095
174   0.60417   -76.170   38.350   1001.3   75.690   0.835   1013.0   -0.2153   -0.3147
175   0.62500   -76.170   38.350   1001.3   75.690   0.835   1013.0   -0.2153   -0.3147
176   0.64583   -76.170   38.350   1001.3   75.690   0.835   1013.0   -0.2153   -0.3147
177   0.66667   -76.170   38.350   1001.3   75.690   0.835   1013.0   -0.2153   -0.3147
178   0.68750   -76.170   38.350   1001.3   75.690   0.835   1013.0   -0.2153   -0.3147
179   0.70833   -76.170   38.350   1001.3   75.690   0.835   1013.0   -0.2153   -0.3147
180   0.72917   -76.170   38.350   1001.3   75.690   0.835   1013.0   -0.2153   -0.3147
181   0.75000   -76.170   38.350   1001.3   75.690   0.835   1013.0   -0.2153   -0.3147
182   0.77083   -76.170   38.350   1001.3   75.690   0.835   1013.0   -0.2153   -0.3147
183   0.79167   -76.170   38.350   1001.3   75.690   0.835   1013.0   -0.2153   -0.3147
184   0.81250   -76.170   38.350   1001.3   75.690   0.835   1013.0   -0.2153   -0.3147
185   0.83333   -76.170   38.350   1001.3   75.690   0.835   1013.0   -0.2153   -0.3147
186   0.85417   -76.170   38.350   1001.3   75.690   0.835   1013.0   -0.2153   -0.3147
187   0.87500   -76.170   38.350   1001.3   75.690   0.835   1013.0   -0.2153   -0.3147
188   0.89583   -76.170   38.350   1001.3   75.690   0.835   1013.0   -0.2153   -0.3147
189   0.91667   -76.170   38.350   1001.3   75.690   0.835   1013.0   -0.2153   -0.3147
190   0.93750   -76.170   38.350   1001.3   75.690   0.835   1013.0   -0.2153   -0.3147
191   0.95833   -76.170   38.350   1001.3   75.690   0.835   1013.0   -0.2153   -0.3147
192   0.97917   -76.170   38.350   1001.3   75.690   0.835   1013.0   -0.2153   -0.3147
193   1.00000   -76.170   38.350   1001.3   75.690   0.835   1013.0   -0.2153   -0.3147
