1   -3.00000   -78.080   28.460   973.4   47.040   1.520   1013.0   0.0049   -0.0031
2   -2.97917   -78.085   28.500   973.4   47.110   1.520   1013.0   0.0063   -0.0020
3   -2.95833   -78.090   28.540   973.4   47.180   1.520   1013.0   0.0074   -0.0009
4   -2.93750   -78.090   28.575   973.4   47.235   1.520   1013.0   0.0073   -0.0007
5   -2.91667   -78.090   28.610   973.4   47.290   1.520   1013.0   0.0057   -0.0013
6   -2.89583   -78.095   28.650   973.4   47.360   1.515   1013.0   0.0070   -0.0014
7   -2.87500   -78.100   28.690   973.4   47.430   1.510   1013.0   0.0076   -0.0017
8   -2.85417   -78.100   28.725   973.4   47.490   1.510   1013.0   0.0058   -0.0025
9   -2.83333   -78.100   28.760   973.4   47.550   1.510   1013.0   0.0057   -0.0023
10   -2.81250   -78.105   28.800   973.4   47.615   1.510   1013.0   0.0060   -0.0023
11   -2.79167   -78.110   28.840   973.4   47.680   1.510   1013.0   0.0052   -0.0022
12   -2.77083   -78.110   28.875   973.4   47.740   1.510   1013.0   0.0047   -0.0022
13   -2.75000   -78.110   28.910   973.4   47.800   1.510   1013.0   0.0052   -0.0026
14   -2.72917   -78.115   28.950   973.4   47.870   1.510   1013.0   0.0057   -0.0030
15   -2.70833   -78.120   28.990   973.4   47.940   1.510   1013.0   0.0065   -0.0040
16   -2.68750   -78.120   29.025   973.4   48.000   1.510   1013.0   0.0067   -0.0038
17   -2.66667   -78.120   29.060   973.4   48.060   1.510   1013.0   0.0069   -0.0031
18   -2.64583   -78.125   29.100   973.4   48.130   1.505   1013.0   0.0076   -0.0031
19   -2.62500   -78.130   29.140   973.4   48.200   1.500   1013.0   0.0091   -0.0030
20   -2.60417   -78.130   29.175   973.4   48.260   1.500   1013.0   0.0087   -0.0026
21   -2.58333   -78.130   29.210   973.4   48.320   1.500   1013.0   0.0084   -0.0019
22   -2.56250   -78.135   29.250   973.4   48.390   1.500   1013.0   0.0093   -0.0023
23   -2.54167   -78.140   29.290   973.4   48.460   1.500   1013.0   0.0105   -0.0024
24   -2.52083   -78.140   29.325   973.4   48.520   1.500   1013.0   0.0116   -0.0026
25   -2.50000   -78.140   29.360   973.4   48.580   1.500   1013.0   0.0117   -0.0023
26   -2.47917   -78.145   29.400   973.4   48.650   1.500   1013.0   0.0115   -0.0022
27   -2.45833   -78.150   29.440   973.4   48.720   1.500   1013.0   0.0106   -0.0024
28   -2.43750   -78.150   29.480   973.4   48.795   1.500   1013.0   0.0113   -0.0026
29   -2.41667   -78.150   29.520   973.4   48.870   1.500   1013.0   0.0123   -0.0030
30   -2.39583   -78.155   29.555   973.4   48.930   1.495   1013.0   0.0118   -0.0031
31   -2.37500   -78.160   29.590   973.4   48.990   1.490   1013.0   0.0114   -0.0029
32   -2.35417   -78.160   29.630   973.4   49.060   1.490   1013.0   0.0117   -0.0036
33   -2.33333   -78.160   29.670   973.4   49.130   1.490   1013.0   0.0108   -0.0039
34   -2.31250   -78.165   29.710   973.4   49.205   1.490   1013.0   0.0108   -0.0040
35   -2.29167   -78.170   29.750   973.4   49.280   1.490   1013.0   0.0122   -0.0038
36   -2.27083   -78.170   29.785   973.4   49.345   1.490   1013.0   0.0133   -0.0038
37   -2.25000   -78.170   29.820   973.4   49.410   1.490   1013.0   0.0144   -0.0033
38   -2.22917   -78.165   29.860   973.4   49.480   1.490   1013.0   0.0165   -0.0020
39   -2.20833   -78.160   29.900   973.4   49.550   1.490   1013.0   0.0178   -0.0013
40   -2.18750   -78.160   29.940   973.4   49.625   1.485   1013.0   0.0172   -0.0016
41   -2.16667   -78.160   29.980   973.4   49.700   1.480   1013.0   0.0169   -0.0017
42   -2.14583   -78.160   30.015   973.4   49.765   1.480   1013.0   0.0185   -0.0018
43   -2.12500   -78.160   30.050   973.4   49.830   1.480   1013.0   0.0199   -0.0024
44   -2.10417   -78.160   30.090   973.4   49.905   1.480   1013.0   0.0199   -0.0028
45   -2.08333   -78.160   30.130   973.4   49.980   1.480   1013.0   0.0193   -0.0026
46   -2.06250   -78.160   30.170   973.4   50.055   1.480   1013.0   0.0200   -0.0021
47   -2.04167   -78.160   30.210   973.4   50.130   1.480   1013.0   0.0214   -0.0019
48   -2.02083   -78.160   30.245   973.4   50.195   1.480   1013.0   0.0208   -0.0024
49   -2.00000   -78.160   30.280   973.4   50.260   1.480   1013.0   0.0204   -0.0027
50   -1.97917   -78.160   30.320   973.4   50.335   1.480   1013.0   0.0222   -0.0021
51   -1.95833   -78.160   30.360   973.4   50.410   1.480   1013.0   0.0244   -0.0018
52   -1.93750   -78.160   30.400   973.4   50.485   1.475   1013.0   0.0251   -0.0022
53   -1.91667   -78.160   30.440   973.4   50.560   1.470   1013.0   0.0246   -0.0021
54   -1.89583   -78.155   30.480   973.4   50.640   1.470   1013.0   0.0251   -0.0014
55   -1.87500   -78.150   30.520   973.4   50.720   1.470   1013.0   0.0284   -0.0010
56   -1.85417   -78.150   30.560   973.4   50.795   1.470   1013.0   0.0307   -0.0014
57   -1.83333   -78.150   30.600   973.4   50.870   1.470   1013.0   0.0316   -0.0013
58   -1.81250   -78.150   30.640   973.4   50.950   1.470   1013.0   0.0344   -0.0008
59   -1.79167   -78.150   30.680   973.4   51.030   1.470   1013.0   0.0360   -0.0008
60   -1.77083   -78.150   30.715   973.4   51.095   1.470   1013.0   0.0375   -0.0011
61   -1.75000   -78.150   30.750   973.4   51.160   1.470   1013.0   0.0387   -0.0009
62   -1.72917   -78.150   30.790   973.4   51.240   1.465   1013.0   0.0398   -0.0006
63   -1.70833   -78.150   30.830   973.4   51.320   1.460   1013.0   0.0420   -0.0007
64   -1.68750   -78.150   30.870   973.4   51.400   1.460   1013.0   0.0425   -0.0002
65   -1.66667   -78.150   30.910   973.4   51.480   1.460   1013.0   0.0423   -0.0001
66   -1.64583   -78.150   30.950   973.4   51.560   1.460   1013.0   0.0440   -0.0004
67   -1.62500   -78.150   30.990   973.4   51.640   1.460   1013.0   0.0470   -0.0003
68   -1.60417   -78.150   31.030   973.4   51.715   1.460   1013.0   0.0501   -0.0005
69   -1.58333   -78.150   31.070   973.4   51.790   1.460   1013.0   0.0527   -0.0010
70   -1.56250   -78.150   31.110   973.4   51.870   1.460   1013.0   0.0554   -0.0011
71   -1.54167   -78.150   31.150   973.4   51.950   1.460   1013.0   0.0589   -0.0008
72   -1.52083   -78.145   31.190   973.4   52.035   1.455   1013.0   0.0606   0.0002
73   -1.50000   -78.140   31.230   973.4   52.120   1.450   1013.0   0.0626   0.0010
74   -1.47917   -78.140   31.270   973.4   52.200   1.450   1013.0   0.0659   0.0004
75   -1.45833   -78.140   31.310   973.4   52.280   1.450   1013.0   0.0690   -0.0002
76   -1.43750   -78.140   31.350   973.4   52.360   1.450   1013.0   0.0706   0.0002
77   -1.41667   -78.140   31.390   973.4   52.440   1.450   1013.0   0.0738   0.0004
78   -1.39583   -78.140   31.430   973.4   52.520   1.450   1013.0   0.0791   0.0002
79   -1.37500   -78.140   31.470   973.4   52.600   1.450   1013.0   0.0828   0.0001
80   -1.35417   -78.140   31.510   973.4   52.685   1.450   1013.0   0.0879   0.0007
81   -1.33333   -78.140   31.550   973.4   52.770   1.450   1013.0   0.0930   0.0017
82   -1.31250   -78.140   31.590   973.4   52.850   1.450   1013.0   0.0966   0.0018
83   -1.29167   -78.140   31.630   973.4   52.930   1.450   1013.0   0.1015   0.0008
84   -1.27083   -78.140   31.670   973.4   53.015   1.445   1013.0   0.1069   0.0001
85   -1.25000   -78.140   31.710   973.4   53.100   1.440   1013.0   0.1101   0.0002
86   -1.22917   -78.140   31.755   973.4   53.195   1.440   1013.0   0.1138   0.0006
87   -1.20833   -78.140   31.800   973.4   53.290   1.440   1013.0   0.1196   0.0006
88   -1.18750   -78.135   31.840   973.4   53.375   1.440   1013.0   0.1245   0.0010
89   -1.16667   -78.130   31.880   973.4   53.460   1.440   1013.0   0.1307   0.0014
90   -1.14583   -78.130   31.920   973.4   53.545   1.440   1013.0   0.1388   0.0014
91   -1.12500   -78.130   31.960   973.4   53.630   1.440   1013.0   0.1478   0.0013
92   -1.10417   -78.130   32.000   973.4   53.715   1.435   1013.0   0.1554   0.0015
93   -1.08333   -78.130   32.040   973.4   53.800   1.430   1013.0   0.1614   0.0022
94   -1.06250   -78.120   32.085   973.4   53.895   1.430   1013.0   0.1670   0.0017
95   -1.04167   -78.110   32.130   973.4   53.990   1.430   1013.0   0.1740   0.0004
96   -1.02083   -78.105   32.165   973.4   54.075   1.430   1013.0   0.1840   0.0008
97   -1.00000   -78.100   32.200   973.4   54.160   1.430   1013.0   0.1933   0.0021
98   -0.97917   -78.090   32.240   973.4   54.240   1.430   1013.0   0.1991   0.0027
99   -0.95833   -78.080   32.280   973.4   54.320   1.430   1013.0   0.2105   0.0025
100   -0.93750   -78.070   32.325   973.4   54.420   1.430   1013.0   0.2201   0.0022
101   -0.91667   -78.060   32.370   973.4   54.520   1.430   1013.0   0.2253   0.0024
102   -0.89583   -78.050   32.410   973.5   54.615   1.425   1013.0   0.2400   0.0026
103   -0.87500   -78.040   32.450   973.5   54.710   1.420   1013.0   0.2592   0.0028
104   -0.85417   -78.035   32.495   973.6   54.820   1.420   1013.0   0.2738   0.0028
105   -0.83333   -78.030   32.540   973.7   54.930   1.420   1013.0   0.2937   0.0034
106   -0.81250   -78.020   32.575   973.7   55.035   1.420   1013.0   0.3125   0.0041
107   -0.79167   -78.010   32.610   973.8   55.140   1.420   1013.0   0.3242   0.0044
108   -0.77083   -78.000   32.655   973.9   55.250   1.420   1013.0   0.3414   0.0045
109   -0.75000   -77.990   32.700   974.0   55.360   1.420   1013.0   0.3662   0.0048
110   -0.72917   -77.980   32.740   974.0   55.465   1.420   1013.0   0.3867   0.0045
111   -0.70833   -77.970   32.780   974.1   55.570   1.420   1013.0   0.4013   0.0045
112   -0.68750   -77.960   32.825   974.2   55.685   1.415   1013.0   0.4253   0.0050
113   -0.66667   -77.950   32.870   974.3   55.800   1.410   1013.0   0.4544   0.0056
114   -0.64583   -77.945   32.910   974.3   55.905   1.410   1013.0   0.4820   0.0067
115   -0.62500   -77.940   32.950   974.4   56.010   1.410   1013.0   0.5148   0.0076
116   -0.60417   -77.930   32.990   974.5   56.125   1.410   1013.0   0.5523   0.0074
117   -0.58333   -77.920   33.030   974.6   56.240   1.410   1013.0   0.5869   0.0075
118   -0.56250   -77.910   33.075   974.6   56.355   1.410   1013.0   0.6213   0.0065
119   -0.54167   -77.900   33.120   974.7   56.470   1.410   1013.0   0.6599   0.0057
120   -0.52083   -77.890   33.165   974.8   56.590   1.405   1013.0   0.7062   0.0073
121   -0.50000   -77.880   33.210   974.9   56.710   1.400   1013.0   0.7588   0.0092
122   -0.47917   -77.870   33.250   974.9   56.815   1.400   1013.0   0.8167   0.0091
123   -0.45833   -77.860   33.290   975.0   56.920   1.400   1013.0   0.8705   0.0084
124   -0.43750   -77.850   33.335   975.1   57.040   1.400   1013.0   0.9189   0.0091
125   -0.41667   -77.840   33.380   975.2   57.160   1.400   1013.0   0.9759   0.0104
126   -0.39583   -77.830   33.420   975.2   57.280   1.400   1013.0   1.0382   0.0108
127   -0.37500   -77.820   33.460   975.3   57.400   1.400   1013.0   1.0989   0.0110
128   -0.35417   -77.810   33.505   975.4   57.520   1.395   1013.0   1.1520   0.0115
129   -0.33333   -77.800   33.550   975.5   57.640   1.390   1013.0   1.2035   0.0120
130   -0.31250   -77.790   33.595   975.5   57.760   1.390   1013.0   1.2497   0.0132
131   -0.29167   -77.780   33.640   975.6   57.880   1.390   1013.0   1.2896   0.0146
132   -0.27083   -77.775   33.685   975.7   58.000   1.390   1013.0   1.3207   0.0147
133   -0.25000   -77.770   33.730   975.8   58.120   1.390   1013.0   1.3300   0.0141
134   -0.22917   -77.760   33.775   975.8   58.240   1.390   1013.0   1.3116   0.0153
135   -0.20833   -77.750   33.820   975.9   58.360   1.390   1013.0   1.2693   0.0162
136   -0.18750   -77.740   33.860   976.0   58.485   1.385   1013.0   1.2067   0.0157
137   -0.16667   -77.730   33.900   976.1   58.610   1.380   1013.0   1.1314   0.0163
138   -0.14583   -77.720   33.945   976.1   58.735   1.380   1013.0   1.0447   0.0178
139   -0.12500   -77.710   33.990   976.2   58.860   1.380   1013.0   0.9461   0.0193
140   -0.10417   -77.700   34.035   976.3   58.985   1.380   1013.0   0.8500   0.0213
141   -0.08333   -77.690   34.080   976.4   59.110   1.380   1013.0   0.7663   0.0225
142   -0.06250   -77.680   34.125   976.4   59.235   1.380   1013.0   0.6938   0.0216
143   -0.04167   -77.670   34.170   976.5   59.360   1.380   1013.0   0.6245   0.0198
144   -0.02083   -77.645   34.210   976.6   59.480   1.375   1013.0   0.5554   0.0184
145   0.00000   -77.620   34.250   976.7   59.600   1.370   1013.0   0.4829   0.0187
146   0.02083   -77.590   34.290   976.7   59.720   1.370   1013.0   0.3973   0.0200
147   0.04167   -77.560   34.330   976.8   59.840   1.370   1013.0   0.2880   0.0237
148   0.06250   -77.535   34.370   976.9   59.945   1.370   1013.0   0.1553   0.0281
149   0.08333   -77.510   34.410   977.0   60.050   1.370   1013.0   0.0044   0.0298
150   0.10417   -77.480   34.450   977.8   60.315   1.355   1013.0   -0.1376   0.0304
151   0.12500   -77.450   34.490   978.6   60.580   1.340   1013.0   -0.2600   0.0306
152   0.14583   -77.420   34.530   979.5   60.870   1.325   1013.0   -0.3491   0.0315
153   0.16667   -77.390   34.570   980.5   61.160   1.310   1013.0   -0.4077   0.0346
154   0.18750   -77.365   34.610   981.5   61.435   1.290   1013.0   -0.4532   0.0380
155   0.20833   -77.340   34.650   982.4   61.710   1.270   1013.0   -0.4913   0.0397
156   0.22917   -77.310   34.690   983.3   61.970   1.255   1013.0   -0.5169   0.0406
157   0.25000   -77.280   34.730   984.2   62.230   1.240   1013.0   -0.5326   0.0404
158   0.27083   -77.250   34.775   985.0   62.470   1.225   1013.0   -0.5354   0.0396
159   0.29167   -77.220   34.820   985.8   62.710   1.210   1013.0   -0.5236   0.0385
160   0.31250   -77.190   34.860   986.6   62.940   1.195   1013.0   -0.5017   0.0384
161   0.33333   -77.160   34.900   987.4   63.170   1.180   1013.0   -0.4768   0.0388
162   0.35417   -77.135   34.940   988.1   63.390   1.165   1013.0   -0.4513   0.0397
163   0.37500   -77.110   34.980   988.9   63.610   1.150   1013.0   -0.4302   0.0412
164   0.39583   -77.080   35.020   989.5   63.820   1.135   1013.0   -0.4164   0.0427
165   0.41667   -77.050   35.060   990.2   64.030   1.120   1013.0   -0.4088   0.0417
166   0.43750   -77.020   35.100   990.9   64.230   1.105   1013.0   -0.4024   0.0396
167   0.45833   -76.990   35.140   991.5   64.430   1.090   1013.0   -0.3921   0.0387
168   0.47917   -76.960   35.185   992.2   64.635   1.075   1013.0   -0.3766   0.0392
169   0.50000   -76.930   35.230   992.8   64.840   1.060   1013.0   -0.3598   0.0394
170   0.52083   -76.900   35.275   993.4   65.020   1.045   1013.0   -0.3421   0.0379
171   0.54167   -76.870   35.320   993.9   65.200   1.030   1013.0   -0.3276   0.0366
172   0.56250   -76.840   35.360   994.5   65.380   1.020   1013.0   -0.3174   0.0366
173   0.58333   -76.810   35.400   995.0   65.560   1.010   1013.0   -0.3063   0.0373
174   0.60417   -76.780   35.445   995.6   65.745   0.995   1013.0   -0.2957   0.0377
175   0.62500   -76.750   35.490   996.1   65.930   0.980   1013.0   -0.2838   0.0368
176   0.64583   -76.720   35.530   996.6   66.100   0.970   1013.0   -0.2709   0.0349
177   0.66667   -76.690   35.570   997.0   66.270   0.960   1013.0   -0.2582   0.0326
178   0.68750   -76.660   35.615   997.5   66.445   0.945   1013.0   -0.2480   0.0294
179   0.70833   -76.630   35.660   998.0   66.620   0.930   1013.0   -0.2399   0.0263
180   0.72917   -76.595   35.705   998.4   66.790   0.920   1013.0   -0.2318   0.0239
181   0.75000   -76.560   35.750   998.8   66.960   0.910   1013.0   -0.2231   0.0217
182   0.77083   -76.535   35.790   999.2   67.115   0.895   1013.0   -0.2138   0.0189
183   0.79167   -76.510   35.830   999.6   67.270   0.880   1013.0   -0.2045   0.0168
184   0.81250   -76.475   35.875   1000.0   67.440   0.870   1013.0   -0.1946   0.0146
185   0.83333   -76.440   35.920   1000.4   67.610   0.860   1013.0   -0.1854   0.0112
186   0.85417   -76.410   35.965   1000.8   67.770   0.850   1013.0   -0.1774   0.0059
187   0.87500   -76.380   36.010   1001.1   67.930   0.840   1013.0   -0.1714   0.0011
188   0.89583   -76.350   36.055   1001.5   68.095   0.830   1013.0   -0.1668   -0.0026
189   0.91667   -76.320   36.100   1001.8   68.260   0.820   1013.0   -0.1631   -0.0070
190   0.93750   -76.285   36.145   1002.1   68.420   0.820   1013.0   -0.1576   -0.0119
191   0.95833   -76.250   36.190   1002.5   68.580   0.820   1013.0   -0.1505   -0.0167
192   0.97917   -76.220   36.235   1002.8   68.735   0.820   1013.0   -0.1440   -0.0221
193   1.00000   -76.190   36.280   1003.1   68.890   0.820   1013.0   -0.1383   -0.0280
