1   -3.00000   -63.530   18.800   956.9   56.380   1.320   1013.0   0.0010   0.0009
2   -2.97917   -63.655   18.875   956.9   56.480   1.320   1013.0   0.0006   0.0012
3   -2.95833   -63.780   18.950   956.9   56.580   1.320   1013.0   0.0011   0.0014
4   -2.93750   -63.900   19.025   956.9   56.685   1.320   1013.0   0.0017   0.0014
5   -2.91667   -64.020   19.100   956.9   56.790   1.320   1013.0   0.0014   0.0012
6   -2.89583   -64.145   19.180   956.9   56.890   1.315   1013.0   0.0014   0.0010
7   -2.87500   -64.270   19.260   956.9   56.990   1.310   1013.0   0.0019   0.0012
8   -2.85417   -64.395   19.335   956.9   57.095   1.310   1013.0   0.0024   0.0018
9   -2.83333   -64.520   19.410   956.9   57.200   1.310   1013.0   0.0032   0.0020
10   -2.81250   -64.640   19.485   956.9   57.305   1.310   1013.0   0.0029   0.0015
11   -2.79167   -64.760   19.560   956.9   57.410   1.310   1013.0   0.0016   0.0010
12   -2.77083   -64.875   19.650   956.9   57.535   1.305   1013.0   0.0014   0.0007
13   -2.75000   -64.990   19.740   956.9   57.660   1.300   1013.0   0.0013   0.0011
14   -2.72917   -65.100   19.835   956.9   57.795   1.300   1013.0   0.0011   0.0016
15   -2.70833   -65.210   19.930   956.9   57.930   1.300   1013.0   0.0020   0.0020
16   -2.68750   -65.315   20.020   956.9   58.060   1.300   1013.0   0.0017   0.0019
17   -2.66667   -65.420   20.110   956.9   58.190   1.300   1013.0   0.0011   0.0021
18   -2.64583   -65.530   20.205   956.9   58.330   1.295   1013.0   0.0029   0.0020
19   -2.62500   -65.640   20.300   956.9   58.470   1.290   1013.0   0.0052   0.0019
20   -2.60417   -65.750   20.395   956.9   58.610   1.290   1013.0   0.0055   0.0019
21   -2.58333   -65.860   20.490   956.9   58.750   1.290   1013.0   0.0065   0.0019
22   -2.56250   -65.965   20.580   956.9   58.890   1.285   1013.0   0.0121   0.0027
23   -2.54167   -66.070   20.670   956.9   59.030   1.280   1013.0   0.0275   0.0030
24   -2.52083   -66.180   20.765   956.9   59.170   1.280   1013.0   0.0444   0.0018
25   -2.50000   -66.290   20.860   956.9   59.310   1.280   1013.0   0.0440   0.0020
26   -2.47917   -66.395   20.955   956.9   59.460   1.280   1013.0   0.0467   0.0074
27   -2.45833   -66.500   21.050   956.9   59.610   1.280   1013.0   0.0555   0.0135
28   -2.43750   -66.600   21.150   956.9   59.760   1.275   1013.0   0.0500   0.0117
29   -2.41667   -66.700   21.250   956.9   59.910   1.270   1013.0   0.0461   0.0135
30   -2.39583   -66.800   21.345   956.9   60.065   1.270   1013.0   0.0388   0.0128
31   -2.37500   -66.900   21.440   956.9   60.220   1.270   1013.0   0.0340   0.0107
32   -2.35417   -66.995   21.540   956.9   60.385   1.265   1013.0   0.0332   0.0070
33   -2.33333   -67.090   21.640   956.9   60.550   1.260   1013.0   0.0349   0.0027
34   -2.31250   -67.180   21.750   956.9   60.730   1.260   1013.0   0.0297   0.0025
35   -2.29167   -67.270   21.860   956.9   60.910   1.260   1013.0   0.0299   0.0005
36   -2.27083   -67.360   21.970   956.9   61.090   1.255   1013.0   0.0434   -0.0011
37   -2.25000   -67.450   22.080   956.9   61.270   1.250   1013.0   0.0419   -0.0017
38   -2.22917   -67.540   22.185   956.9   61.450   1.250   1013.0   0.0432   -0.0021
39   -2.20833   -67.630   22.290   956.9   61.630   1.250   1013.0   0.0450   -0.0050
40   -2.18750   -67.715   22.395   956.9   61.810   1.245   1013.0   0.0458   -0.0057
41   -2.16667   -67.800   22.500   956.9   61.990   1.240   1013.0   0.0442   -0.0061
42   -2.14583   -67.890   22.610   956.9   62.180   1.240   1013.0   0.0428   -0.0062
43   -2.12500   -67.980   22.720   956.9   62.370   1.240   1013.0   0.0394   -0.0068
44   -2.10417   -68.065   22.825   956.9   62.560   1.235   1013.0   0.0375   -0.0077
45   -2.08333   -68.150   22.930   956.9   62.750   1.230   1013.0   0.0309   -0.0114
46   -2.06250   -68.240   23.035   956.9   62.935   1.230   1013.0   0.0342   -0.0151
47   -2.04167   -68.330   23.140   956.9   63.120   1.230   1013.0   0.0356   -0.0138
48   -2.02083   -68.415   23.250   956.9   63.320   1.225   1013.0   0.0360   -0.0110
49   -2.00000   -68.500   23.360   956.9   63.520   1.220   1013.0   0.0352   -0.0126
50   -1.97917   -68.580   23.470   956.9   63.720   1.220   1013.0   0.0388   -0.0126
51   -1.95833   -68.660   23.580   956.9   63.920   1.220   1013.0   0.0390   -0.0124
52   -1.93750   -68.745   23.685   956.9   64.125   1.215   1013.0   0.0418   -0.0148
53   -1.91667   -68.830   23.790   956.9   64.330   1.210   1013.0   0.0413   -0.0203
54   -1.89583   -68.910   23.905   956.9   64.545   1.210   1013.0   0.0345   -0.0173
55   -1.87500   -68.990   24.020   956.9   64.760   1.210   1013.0   0.0373   -0.0151
56   -1.85417   -69.075   24.125   956.9   64.970   1.205   1013.0   0.0402   -0.0147
57   -1.83333   -69.160   24.230   956.9   65.180   1.200   1013.0   0.0359   -0.0140
58   -1.81250   -69.240   24.340   956.9   65.390   1.200   1013.0   0.0315   -0.0157
59   -1.79167   -69.320   24.450   956.9   65.600   1.200   1013.0   0.0348   -0.0195
60   -1.77083   -69.400   24.560   956.9   65.820   1.195   1013.0   0.0328   -0.0202
61   -1.75000   -69.480   24.670   956.9   66.040   1.190   1013.0   0.0316   -0.0200
62   -1.72917   -69.560   24.775   956.9   66.260   1.190   1013.0   0.0355   -0.0179
63   -1.70833   -69.640   24.880   956.9   66.480   1.190   1013.0   0.0352   -0.0169
64   -1.68750   -69.725   24.995   956.9   66.710   1.185   1013.0   0.0313   -0.0148
65   -1.66667   -69.810   25.110   956.9   66.940   1.180   1013.0   0.0353   -0.0149
66   -1.64583   -69.890   25.215   956.9   67.170   1.180   1013.0   0.0372   -0.0154
67   -1.62500   -69.970   25.320   956.9   67.400   1.180   1013.0   0.0340   -0.0138
68   -1.60417   -70.050   25.430   956.9   67.630   1.175   1013.0   0.0377   -0.0140
69   -1.58333   -70.130   25.540   956.9   67.860   1.170   1013.0   0.0418   -0.0140
70   -1.56250   -70.210   25.650   956.9   68.095   1.170   1013.0   0.0396   -0.0125
71   -1.54167   -70.290   25.760   956.9   68.330   1.170   1013.0   0.0389   -0.0116
72   -1.52083   -70.370   25.865   956.9   68.565   1.165   1013.0   0.0404   -0.0120
73   -1.50000   -70.450   25.970   956.9   68.800   1.160   1013.0   0.0358   -0.0128
74   -1.47917   -70.530   26.080   956.9   69.045   1.160   1013.0   0.0339   -0.0144
75   -1.45833   -70.610   26.190   956.9   69.290   1.160   1013.0   0.0353   -0.0132
76   -1.43750   -70.695   26.300   956.9   69.545   1.155   1013.0   0.0356   -0.0079
77   -1.41667   -70.780   26.410   956.9   69.800   1.150   1013.0   0.0344   -0.0045
78   -1.39583   -70.860   26.520   956.9   70.045   1.145   1013.0   0.0368   -0.0040
79   -1.37500   -70.940   26.630   956.9   70.290   1.140   1013.0   0.0359   -0.0025
80   -1.35417   -71.020   26.740   956.9   70.550   1.140   1013.0   0.0375   -0.0045
81   -1.33333   -71.100   26.850   956.9   70.810   1.140   1013.0   0.0424   -0.0076
82   -1.31250   -71.180   26.965   956.9   71.085   1.135   1013.0   0.0433   -0.0077
83   -1.29167   -71.260   27.080   956.9   71.360   1.130   1013.0   0.0423   -0.0035
84   -1.27083   -71.335   27.195   956.9   71.630   1.130   1013.0   0.0460   -0.0001
85   -1.25000   -71.410   27.310   956.9   71.900   1.130   1013.0   0.0471   0.0016
86   -1.22917   -71.485   27.420   956.9   72.175   1.125   1013.0   0.0445   0.0017
87   -1.20833   -71.560   27.530   956.9   72.450   1.120   1013.0   0.0435   0.0013
88   -1.18750   -71.640   27.645   956.9   72.735   1.115   1013.0   0.0458   0.0013
89   -1.16667   -71.720   27.760   956.9   73.020   1.110   1013.0   0.0487   0.0045
90   -1.14583   -71.795   27.870   956.9   73.305   1.110   1013.0   0.0482   0.0073
91   -1.12500   -71.870   27.980   956.9   73.590   1.110   1013.0   0.0462   0.0084
92   -1.10417   -71.950   28.095   956.9   73.885   1.105   1013.0   0.0455   0.0103
93   -1.08333   -72.030   28.210   956.9   74.180   1.100   1013.0   0.0477   0.0119
94   -1.06250   -72.110   28.330   956.9   74.485   1.100   1013.0   0.0548   0.0121
95   -1.04167   -72.190   28.450   956.9   74.790   1.100   1013.0   0.0570   0.0095
96   -1.02083   -72.265   28.565   956.9   75.095   1.095   1013.0   0.0567   0.0094
97   -1.00000   -72.340   28.680   956.9   75.400   1.090   1013.0   0.0601   0.0141
98   -0.97917   -72.420   28.795   957.0   75.735   1.085   1013.0   0.0642   0.0202
99   -0.95833   -72.500   28.910   957.0   76.070   1.080   1013.0   0.0683   0.0253
100   -0.93750   -72.580   29.025   957.1   76.430   1.080   1013.0   0.0708   0.0275
101   -0.91667   -72.660   29.140   957.2   76.790   1.080   1013.0   0.0687   0.0259
102   -0.89583   -72.740   29.260   957.3   77.170   1.075   1013.0   0.0694   0.0261
103   -0.87500   -72.820   29.380   957.4   77.550   1.070   1013.0   0.0760   0.0290
104   -0.85417   -72.900   29.495   957.5   77.920   1.065   1013.0   0.0835   0.0311
105   -0.83333   -72.980   29.610   957.6   78.290   1.060   1013.0   0.0861   0.0336
106   -0.81250   -73.060   29.730   957.8   78.680   1.055   1013.0   0.0888   0.0376
107   -0.79167   -73.140   29.850   957.9   79.070   1.050   1013.0   0.0956   0.0434
108   -0.77083   -73.225   29.970   958.0   79.465   1.050   1013.0   0.1036   0.0477
109   -0.75000   -73.310   30.090   958.1   79.860   1.050   1013.0   0.1092   0.0508
110   -0.72917   -73.390   30.210   958.2   80.265   1.045   1013.0   0.1117   0.0538
111   -0.70833   -73.470   30.330   958.3   80.670   1.040   1013.0   0.1155   0.0565
112   -0.68750   -73.555   30.450   958.4   81.075   1.035   1013.0   0.1249   0.0602
113   -0.66667   -73.640   30.570   958.5   81.480   1.030   1013.0   0.1349   0.0673
114   -0.64583   -73.725   30.690   958.6   81.910   1.025   1013.0   0.1425   0.0740
115   -0.62500   -73.810   30.810   958.7   82.340   1.020   1013.0   0.1471   0.0808
116   -0.60417   -73.895   30.935   958.8   82.775   1.020   1013.0   0.1577   0.0848
117   -0.58333   -73.980   31.060   958.9   83.210   1.020   1013.0   0.1691   0.0906
118   -0.56250   -74.065   31.185   959.0   83.655   1.015   1013.0   0.1769   0.0970
119   -0.54167   -74.150   31.310   959.1   84.100   1.010   1013.0   0.1859   0.1046
120   -0.52083   -74.235   31.430   959.2   84.550   1.005   1013.0   0.1957   0.1116
121   -0.50000   -74.320   31.550   959.3   85.000   1.000   1013.0   0.2062   0.1209
122   -0.47917   -74.410   31.680   959.5   85.470   0.995   1013.0   0.2180   0.1294
123   -0.45833   -74.500   31.810   959.6   85.940   0.990   1013.0   0.2266   0.1382
124   -0.43750   -74.585   31.935   959.7   86.420   0.985   1013.0   0.2340   0.1500
125   -0.41667   -74.670   32.060   959.8   86.900   0.980   1013.0   0.2447   0.1616
126   -0.39583   -74.760   32.195   959.9   87.405   0.975   1013.0   0.2589   0.1746
127   -0.37500   -74.850   32.330   960.0   87.910   0.970   1013.0   0.2765   0.1906
128   -0.35417   -74.940   32.455   960.1   88.410   0.965   1013.0   0.2905   0.2066
129   -0.33333   -75.030   32.580   960.2   88.910   0.960   1013.0   0.3009   0.2225
130   -0.31250   -75.125   32.715   960.3   89.450   0.955   1013.0   0.3137   0.2426
131   -0.29167   -75.220   32.850   960.4   89.990   0.950   1013.0   0.3280   0.2652
132   -0.27083   -75.320   32.980   960.5   90.520   0.945   1013.0   0.3372   0.2870
133   -0.25000   -75.420   33.110   960.6   91.050   0.940   1013.0   0.3396   0.3105
134   -0.22917   -75.520   33.245   960.7   91.590   0.940   1013.0   0.3431   0.3381
135   -0.20833   -75.620   33.380   960.8   92.130   0.940   1013.0   0.3462   0.3684
136   -0.18750   -75.725   33.515   960.9   92.700   0.935   1013.0   0.3474   0.3980
137   -0.16667   -75.830   33.650   961.0   93.270   0.930   1013.0   0.3472   0.4303
138   -0.14583   -75.930   33.780   961.1   93.845   0.925   1013.0   0.3467   0.4662
139   -0.12500   -76.030   33.910   961.3   94.420   0.920   1013.0   0.3524   0.5092
140   -0.10417   -76.140   34.050   961.4   95.025   0.915   1013.0   0.3708   0.5489
141   -0.08333   -76.250   34.190   961.5   95.630   0.910   1013.0   0.3900   0.5894
142   -0.06250   -76.355   34.330   961.6   96.250   0.905   1013.0   0.4042   0.6323
143   -0.04167   -76.460   34.470   961.7   96.870   0.900   1013.0   0.4019   0.6765
144   -0.02083   -76.565   34.620   961.8   97.535   0.890   1013.0   0.3694   0.7226
145   0.00000   -76.670   34.770   961.9   98.200   0.880   1013.0   0.3148   0.7546
146   0.02083   -76.765   34.920   963.0   99.345   0.875   1013.0   0.2669   0.7736
147   0.04167   -76.860   35.070   964.0   100.490   0.870   1013.0   0.2719   0.7749
148   0.06250   -76.960   35.225   966.0   102.030   0.865   1013.0   0.2978   0.7480
149   0.08333   -77.060   35.380   967.9   103.570   0.860   1013.0   0.2749   0.6904
150   0.10417   -77.160   35.535   969.6   105.030   0.855   1013.0   0.2174   0.5902
151   0.12500   -77.260   35.690   971.4   106.490   0.850   1013.0   0.1698   0.4856
152   0.14583   -77.365   35.850   973.0   107.900   0.845   1013.0   0.1378   0.3694
153   0.16667   -77.470   36.010   974.7   109.310   0.840   1013.0   0.1049   0.2604
154   0.18750   -77.575   36.175   976.2   110.690   0.835   1013.0   0.0860   0.1663
155   0.20833   -77.680   36.340   977.7   112.070   0.830   1013.0   0.0859   0.0895
156   0.22917   -77.785   36.505   979.1   113.420   0.825   1013.0   0.0959   0.0184
157   0.25000   -77.890   36.670   980.5   114.770   0.820   1013.0   0.0999   -0.0480
158   0.27083   -78.005   36.845   981.7   116.105   0.815   1013.0   0.0888   -0.0832
159   0.29167   -78.120   37.020   983.0   117.440   0.810   1013.0   0.0577   -0.1083
160   0.31250   -78.240   37.190   984.2   118.755   0.805   1013.0   0.0102   -0.1272
161   0.33333   -78.360   37.360   985.3   120.070   0.800   1013.0   -0.0400   -0.1384
162   0.35417   -78.485   37.535   986.4   121.390   0.795   1013.0   -0.0700   -0.1387
163   0.37500   -78.610   37.710   987.5   122.710   0.790   1013.0   -0.0783   -0.1453
164   0.39583   -78.735   37.895   988.5   124.045   0.785   1013.0   -0.0709   -0.1545
165   0.41667   -78.860   38.080   989.5   125.380   0.780   1013.0   -0.0639   -0.1598
166   0.43750   -78.990   38.265   990.4   126.755   0.775   1013.0   -0.0525   -0.1668
167   0.45833   -78.990   38.265   990.4   126.755   0.775   1013.0   -0.0525   -0.1668
168   0.47917   -78.990   38.265   990.4   126.755   0.775   1013.0   -0.0525   -0.1668
169   0.50000   -78.990   38.265   990.4   126.755   0.775   1013.0   -0.0525   -0.1668
170   0.52083   -78.990   38.265   990.4   126.755   0.775   1013.0   -0.0525   -0.1668
171   0.54167   -78.990   38.265   990.4   126.755   0.775   1013.0   -0.0525   -0.1668
172   0.56250   -78.990   38.265   990.4   126.755   0.775   1013.0   -0.0525   -0.1668
173   0.58333   -78.990   38.265   990.4   126.755   0.775   1013.0   -0.0525   -0.1668
174   0.60417   -78.990   38.265   990.4   126.755   0.775   1013.0   -0.0525   -0.1668
175   0.62500   -78.990   38.265   990.4   126.755   0.775   1013.0   -0.0525   -0.1668
176   0.64583   -78.990   38.265   990.4   126.755   0.775   1013.0   -0.0525   -0.1668
177   0.66667   -78.990   38.265   990.4   126.755   0.775   1013.0   -0.0525   -0.1668
178   0.68750   -78.990   38.265   990.4   126.755   0.775   1013.0   -0.0525   -0.1668
179   0.70833   -78.990   38.265   990.4   126.755   0.775   1013.0   -0.0525   -0.1668
180   0.72917   -78.990   38.265   990.4   126.755   0.775   1013.0   -0.0525   -0.1668
181   0.75000   -78.990   38.265   990.4   126.755   0.775   1013.0   -0.0525   -0.1668
182   0.77083   -78.990   38.265   990.4   126.755   0.775   1013.0   -0.0525   -0.1668
183   0.79167   -78.990   38.265   990.4   126.755   0.775   1013.0   -0.0525   -0.1668
184   0.81250   -78.990   38.265   990.4   126.755   0.775   1013.0   -0.0525   -0.1668
185   0.83333   -78.990   38.265   990.4   126.755   0.775   1013.0   -0.0525   -0.1668
186   0.85417   -78.990   38.265   990.4   126.755   0.775   1013.0   -0.0525   -0.1668
187   0.87500   -78.990   38.265   990.4   126.755   0.775   1013.0   -0.0525   -0.1668
188   0.89583   -78.990   38.265   990.4   126.755   0.775   1013.0   -0.0525   -0.1668
189   0.91667   -78.990   38.265   990.4   126.755   0.775   1013.0   -0.0525   -0.1668
190   0.93750   -78.990   38.265   990.4   126.755   0.775   1013.0   -0.0525   -0.1668
191   0.95833   -78.990   38.265   990.4   126.755   0.775   1013.0   -0.0525   -0.1668
192   0.97917   -78.990   38.265   990.4   126.755   0.775   1013.0   -0.0525   -0.1668
193   1.00000   -78.990   38.265   990.4   126.755   0.775   1013.0   -0.0525   -0.1668
