1   -3.00000   -69.800   23.530   942.6   58.740   0.980   1013.0   0.0431   0.0116
2   -2.97917   -69.880   23.585   942.6   58.835   0.980   1013.0   0.0453   0.0135
3   -2.95833   -69.960   23.640   942.6   58.930   0.980   1013.0   0.0470   0.0145
4   -2.93750   -70.035   23.700   942.6   59.030   0.980   1013.0   0.0465   0.0139
5   -2.91667   -70.110   23.760   942.6   59.130   0.980   1013.0   0.0451   0.0128
6   -2.89583   -70.180   23.810   942.6   59.225   0.975   1013.0   0.0461   0.0122
7   -2.87500   -70.250   23.860   942.6   59.320   0.970   1013.0   0.0486   0.0132
8   -2.85417   -70.330   23.920   942.6   59.415   0.970   1013.0   0.0493   0.0140
9   -2.83333   -70.410   23.980   942.6   59.510   0.970   1013.0   0.0487   0.0149
10   -2.81250   -70.485   24.035   942.6   59.610   0.970   1013.0   0.0488   0.0171
11   -2.79167   -70.560   24.090   942.6   59.710   0.970   1013.0   0.0505   0.0176
12   -2.77083   -70.635   24.145   942.6   59.815   0.970   1013.0   0.0503   0.0168
13   -2.75000   -70.710   24.200   942.6   59.920   0.970   1013.0   0.0503   0.0191
14   -2.72917   -70.790   24.255   942.6   60.020   0.965   1013.0   0.0532   0.0219
15   -2.70833   -70.870   24.310   942.6   60.120   0.960   1013.0   0.0563   0.0210
16   -2.68750   -70.945   24.370   942.6   60.220   0.960   1013.0   0.0560   0.0193
17   -2.66667   -71.020   24.430   942.6   60.320   0.960   1013.0   0.0537   0.0176
18   -2.64583   -71.095   24.485   942.6   60.425   0.960   1013.0   0.0543   0.0170
19   -2.62500   -71.170   24.540   942.6   60.530   0.960   1013.0   0.0549   0.0181
20   -2.60417   -71.240   24.600   942.6   60.645   0.955   1013.0   0.0539   0.0198
21   -2.58333   -71.310   24.660   942.6   60.760   0.950   1013.0   0.0541   0.0224
22   -2.56250   -71.385   24.725   942.6   60.875   0.950   1013.0   0.0538   0.0248
23   -2.54167   -71.460   24.790   942.6   60.990   0.950   1013.0   0.0550   0.0253
24   -2.52083   -71.530   24.845   942.6   61.100   0.950   1013.0   0.0562   0.0243
25   -2.50000   -71.600   24.900   942.6   61.210   0.950   1013.0   0.0550   0.0222
26   -2.47917   -71.670   24.965   942.6   61.330   0.950   1013.0   0.0575   0.0211
27   -2.45833   -71.740   25.030   942.6   61.450   0.950   1013.0   0.0603   0.0225
28   -2.43750   -71.810   25.090   942.6   61.565   0.945   1013.0   0.0578   0.0273
29   -2.41667   -71.880   25.150   942.6   61.680   0.940   1013.0   0.0610   0.0309
30   -2.39583   -71.955   25.215   942.6   61.800   0.940   1013.0   0.0651   0.0310
31   -2.37500   -72.030   25.280   942.6   61.920   0.940   1013.0   0.0643   0.0311
32   -2.35417   -72.100   25.340   942.6   62.040   0.940   1013.0   0.0651   0.0302
33   -2.33333   -72.170   25.400   942.6   62.160   0.940   1013.0   0.0660   0.0295
34   -2.31250   -72.245   25.460   942.6   62.285   0.935   1013.0   0.0655   0.0307
35   -2.29167   -72.320   25.520   942.6   62.410   0.930   1013.0   0.0658   0.0339
36   -2.27083   -72.385   25.580   942.6   62.525   0.930   1013.0   0.0669   0.0362
37   -2.25000   -72.450   25.640   942.6   62.640   0.930   1013.0   0.0674   0.0360
38   -2.22917   -72.525   25.700   942.6   62.765   0.930   1013.0   0.0691   0.0340
39   -2.20833   -72.600   25.760   942.6   62.890   0.930   1013.0   0.0701   0.0336
40   -2.18750   -72.670   25.825   942.6   63.015   0.930   1013.0   0.0713   0.0358
41   -2.16667   -72.740   25.890   942.6   63.140   0.930   1013.0   0.0745   0.0382
42   -2.14583   -72.805   25.955   942.6   63.280   0.925   1013.0   0.0762   0.0384
43   -2.12500   -72.870   26.020   942.6   63.420   0.920   1013.0   0.0779   0.0394
44   -2.10417   -72.940   26.090   942.6   63.555   0.920   1013.0   0.0791   0.0414
45   -2.08333   -73.010   26.160   942.6   63.690   0.920   1013.0   0.0809   0.0427
46   -2.06250   -73.075   26.225   942.6   63.830   0.920   1013.0   0.0841   0.0416
47   -2.04167   -73.140   26.290   942.6   63.970   0.920   1013.0   0.0829   0.0399
48   -2.02083   -73.205   26.355   942.6   64.105   0.915   1013.0   0.0799   0.0409
49   -2.00000   -73.270   26.420   942.6   64.240   0.910   1013.0   0.0818   0.0444
50   -1.97917   -73.340   26.485   942.6   64.380   0.910   1013.0   0.0857   0.0488
51   -1.95833   -73.410   26.550   942.6   64.520   0.910   1013.0   0.0896   0.0489
52   -1.93750   -73.475   26.620   942.6   64.665   0.910   1013.0   0.0914   0.0469
53   -1.91667   -73.540   26.690   942.6   64.810   0.910   1013.0   0.0920   0.0479
54   -1.89583   -73.605   26.755   942.6   64.950   0.905   1013.0   0.0977   0.0494
55   -1.87500   -73.670   26.820   942.6   65.090   0.900   1013.0   0.1042   0.0521
56   -1.85417   -73.740   26.890   942.6   65.240   0.900   1013.0   0.1052   0.0559
57   -1.83333   -73.810   26.960   942.6   65.390   0.900   1013.0   0.1054   0.0573
58   -1.81250   -73.875   27.025   942.6   65.535   0.900   1013.0   0.1060   0.0562
59   -1.79167   -73.940   27.090   942.6   65.680   0.900   1013.0   0.1079   0.0555
60   -1.77083   -74.010   27.155   942.6   65.830   0.895   1013.0   0.1117   0.0544
61   -1.75000   -74.080   27.220   942.6   65.980   0.890   1013.0   0.1129   0.0546
62   -1.72917   -74.145   27.290   942.6   66.130   0.890   1013.0   0.1144   0.0585
63   -1.70833   -74.210   27.360   942.6   66.280   0.890   1013.0   0.1198   0.0628
64   -1.68750   -74.280   27.425   942.6   66.430   0.890   1013.0   0.1235   0.0663
65   -1.66667   -74.350   27.490   942.6   66.580   0.890   1013.0   0.1270   0.0689
66   -1.64583   -74.415   27.560   942.6   66.735   0.885   1013.0   0.1328   0.0679
67   -1.62500   -74.480   27.630   942.6   66.890   0.880   1013.0   0.1367   0.0654
68   -1.60417   -74.540   27.705   942.6   67.065   0.880   1013.0   0.1388   0.0633
69   -1.58333   -74.600   27.780   942.6   67.240   0.880   1013.0   0.1428   0.0637
70   -1.56250   -74.655   27.855   942.6   67.420   0.875   1013.0   0.1447   0.0667
71   -1.54167   -74.710   27.930   942.6   67.600   0.870   1013.0   0.1460   0.0698
72   -1.52083   -74.765   28.010   942.6   67.780   0.870   1013.0   0.1510   0.0705
73   -1.50000   -74.820   28.090   942.6   67.960   0.870   1013.0   0.1532   0.0718
74   -1.47917   -74.875   28.165   942.6   68.140   0.870   1013.0   0.1541   0.0727
75   -1.45833   -74.930   28.240   942.6   68.320   0.870   1013.0   0.1576   0.0731
76   -1.43750   -74.985   28.315   942.6   68.505   0.865   1013.0   0.1606   0.0749
77   -1.41667   -75.040   28.390   942.6   68.690   0.860   1013.0   0.1645   0.0773
78   -1.39583   -75.095   28.470   942.6   68.880   0.860   1013.0   0.1740   0.0786
79   -1.37500   -75.150   28.550   942.6   69.070   0.860   1013.0   0.1818   0.0794
80   -1.35417   -75.210   28.625   942.6   69.255   0.855   1013.0   0.1845   0.0821
81   -1.33333   -75.270   28.700   942.6   69.440   0.850   1013.0   0.1926   0.0847
82   -1.31250   -75.325   28.780   942.6   69.645   0.850   1013.0   0.2011   0.0862
83   -1.29167   -75.380   28.860   942.6   69.850   0.850   1013.0   0.2057   0.0866
84   -1.27083   -75.440   28.940   942.6   70.040   0.850   1013.0   0.2109   0.0881
85   -1.25000   -75.500   29.020   942.6   70.230   0.850   1013.0   0.2202   0.0895
86   -1.22917   -75.555   29.095   942.6   70.425   0.845   1013.0   0.2267   0.0922
87   -1.20833   -75.610   29.170   942.6   70.620   0.840   1013.0   0.2355   0.0946
88   -1.18750   -75.665   29.250   942.6   70.830   0.840   1013.0   0.2456   0.0962
89   -1.16667   -75.720   29.330   942.6   71.040   0.840   1013.0   0.2513   0.0975
90   -1.14583   -75.775   29.410   942.6   71.245   0.835   1013.0   0.2547   0.0976
91   -1.12500   -75.830   29.490   942.6   71.450   0.830   1013.0   0.2618   0.0951
92   -1.10417   -75.855   29.580   942.6   71.690   0.830   1013.0   0.2680   0.0925
93   -1.08333   -75.880   29.670   942.6   71.930   0.830   1013.0   0.2711   0.0904
94   -1.06250   -75.910   29.760   942.6   72.170   0.825   1013.0   0.2773   0.0884
95   -1.04167   -75.940   29.850   942.6   72.410   0.820   1013.0   0.2855   0.0910
96   -1.02083   -75.965   29.945   942.6   72.655   0.820   1013.0   0.2913   0.0961
97   -1.00000   -75.990   30.040   942.6   72.900   0.820   1013.0   0.2995   0.1027
98   -0.97917   -76.020   30.135   942.6   73.165   0.815   1013.0   0.3089   0.1041
99   -0.95833   -76.050   30.230   942.6   73.430   0.810   1013.0   0.3146   0.1041
100   -0.93750   -76.075   30.320   942.7   73.745   0.810   1013.0   0.3212   0.1048
101   -0.91667   -76.100   30.410   942.9   74.060   0.810   1013.0   0.3366   0.1114
102   -0.89583   -76.130   30.505   943.0   74.395   0.805   1013.0   0.3534   0.1163
103   -0.87500   -76.160   30.600   943.1   74.730   0.800   1013.0   0.3675   0.1201
104   -0.85417   -76.185   30.690   943.3   75.050   0.795   1013.0   0.3772   0.1229
105   -0.83333   -76.210   30.780   943.4   75.370   0.790   1013.0   0.3869   0.1274
106   -0.81250   -76.240   30.875   943.5   75.715   0.790   1013.0   0.4033   0.1323
107   -0.79167   -76.270   30.970   943.7   76.060   0.790   1013.0   0.4238   0.1338
108   -0.77083   -76.300   31.070   943.8   76.405   0.785   1013.0   0.4371   0.1351
109   -0.75000   -76.330   31.170   943.9   76.750   0.780   1013.0   0.4462   0.1369
110   -0.72917   -76.350   31.265   944.1   77.110   0.780   1013.0   0.4603   0.1400
111   -0.70833   -76.370   31.360   944.2   77.470   0.780   1013.0   0.4773   0.1430
112   -0.68750   -76.375   31.455   944.3   77.820   0.775   1013.0   0.4886   0.1457
113   -0.66667   -76.380   31.550   944.5   78.170   0.770   1013.0   0.5029   0.1467
114   -0.64583   -76.385   31.650   944.6   78.545   0.765   1013.0   0.5176   0.1488
115   -0.62500   -76.390   31.750   944.7   78.920   0.760   1013.0   0.5347   0.1547
116   -0.60417   -76.395   31.855   944.9   79.315   0.755   1013.0   0.5531   0.1622
117   -0.58333   -76.400   31.960   945.0   79.710   0.750   1013.0   0.5680   0.1661
118   -0.56250   -76.405   32.060   945.1   80.095   0.750   1013.0   0.5803   0.1719
119   -0.54167   -76.410   32.160   945.3   80.480   0.750   1013.0   0.5994   0.1818
120   -0.52083   -76.415   32.260   945.4   80.870   0.745   1013.0   0.6231   0.1924
121   -0.50000   -76.420   32.360   945.5   81.260   0.740   1013.0   0.6458   0.2029
122   -0.47917   -76.425   32.465   945.7   81.670   0.735   1013.0   0.6642   0.2123
123   -0.45833   -76.430   32.570   945.8   82.080   0.730   1013.0   0.6854   0.2228
124   -0.43750   -76.435   32.675   945.9   82.500   0.730   1013.0   0.7100   0.2329
125   -0.41667   -76.440   32.780   946.1   82.920   0.730   1013.0   0.7295   0.2415
126   -0.39583   -76.445   32.885   946.2   83.345   0.725   1013.0   0.7509   0.2482
127   -0.37500   -76.450   32.990   946.3   83.770   0.720   1013.0   0.7734   0.2540
128   -0.35417   -76.445   33.095   946.5   84.200   0.715   1013.0   0.7959   0.2621
129   -0.33333   -76.440   33.200   946.6   84.630   0.710   1013.0   0.8226   0.2731
130   -0.31250   -76.435   33.310   946.7   85.085   0.705   1013.0   0.8400   0.2874
131   -0.29167   -76.430   33.420   946.9   85.540   0.700   1013.0   0.8435   0.3036
132   -0.27083   -76.425   33.530   947.0   86.005   0.700   1013.0   0.8382   0.3228
133   -0.25000   -76.420   33.640   947.1   86.470   0.700   1013.0   0.8200   0.3407
134   -0.22917   -76.415   33.750   947.3   86.940   0.695   1013.0   0.7831   0.3570
135   -0.20833   -76.410   33.860   947.4   87.410   0.690   1013.0   0.7281   0.3729
136   -0.18750   -76.405   33.970   947.5   87.885   0.685   1013.0   0.6562   0.3922
137   -0.16667   -76.400   34.080   947.7   88.360   0.680   1013.0   0.5736   0.4115
138   -0.14583   -76.395   34.190   947.8   88.845   0.675   1013.0   0.4802   0.4332
139   -0.12500   -76.390   34.300   947.9   89.330   0.670   1013.0   0.3813   0.4568
140   -0.10417   -76.380   34.415   948.1   89.840   0.665   1013.0   0.2811   0.4790
141   -0.08333   -76.370   34.530   948.2   90.350   0.660   1013.0   0.1886   0.5004
142   -0.06250   -76.350   34.640   948.3   90.865   0.655   1013.0   0.1073   0.5229
143   -0.04167   -76.330   34.750   948.5   91.380   0.650   1013.0   0.0417   0.5501
144   -0.02083   -76.310   34.870   948.6   91.925   0.645   1013.0   -0.0162   0.5806
145   0.00000   -76.290   34.990   948.7   92.470   0.640   1013.0   -0.0567   0.6161
146   0.02083   -76.270   35.105   948.9   93.000   0.640   1013.0   -0.0876   0.6590
147   0.04167   -76.250   35.220   949.0   93.530   0.640   1013.0   -0.1289   0.7093
148   0.06250   -76.230   35.335   950.8   95.015   0.635   1013.0   -0.1785   0.7363
149   0.08333   -76.210   35.450   952.7   96.500   0.630   1013.0   -0.2141   0.7369
150   0.10417   -76.190   35.575   954.4   97.945   0.630   1013.0   -0.2355   0.7191
151   0.12500   -76.170   35.700   956.1   99.390   0.630   1013.0   -0.2440   0.6595
152   0.14583   -76.150   35.825   957.7   100.775   0.630   1013.0   -0.2357   0.5952
153   0.16667   -76.130   35.950   959.4   102.160   0.630   1013.0   -0.2356   0.5166
154   0.18750   -76.110   36.070   960.9   103.490   0.625   1013.0   -0.2465   0.4246
155   0.20833   -76.090   36.190   962.4   104.820   0.620   1013.0   -0.2549   0.2978
156   0.22917   -76.070   36.315   963.9   106.100   0.620   1013.0   -0.2665   0.1437
157   0.25000   -76.050   36.440   965.3   107.380   0.620   1013.0   -0.2868   -0.0114
158   0.27083   -76.025   36.565   966.7   108.645   0.620   1013.0   -0.3113   -0.1463
159   0.29167   -76.000   36.690   968.0   109.910   0.620   1013.0   -0.3262   -0.2408
160   0.31250   -75.980   36.825   969.3   111.160   0.620   1013.0   -0.3240   -0.3078
161   0.33333   -75.960   36.960   970.6   112.410   0.620   1013.0   -0.3199   -0.3495
162   0.35417   -75.935   37.095   971.8   113.625   0.615   1013.0   -0.3137   -0.3692
163   0.37500   -75.910   37.230   973.0   114.840   0.610   1013.0   -0.3058   -0.3783
164   0.39583   -75.885   37.360   974.2   116.030   0.610   1013.0   -0.2950   -0.3814
165   0.41667   -75.860   37.490   975.3   117.220   0.610   1013.0   -0.2780   -0.3847
166   0.43750   -75.835   37.630   976.4   118.410   0.610   1013.0   -0.2625   -0.3955
167   0.45833   -75.810   37.770   977.5   119.600   0.610   1013.0   -0.2520   -0.4054
168   0.47917   -75.785   37.905   978.5   120.770   0.605   1013.0   -0.2441   -0.4164
169   0.50000   -75.760   38.040   979.5   121.940   0.600   1013.0   -0.2357   -0.4212
170   0.52083   -75.735   38.190   980.5   123.150   0.600   1013.0   -0.2303   -0.4300
171   0.54167   -75.710   38.340   981.4   124.360   0.600   1013.0   -0.2322   -0.4176
172   0.56250   -75.685   38.480   982.3   125.535   0.600   1013.0   -0.2372   -0.3945
173   0.58333   -75.685   38.480   982.3   125.535   0.600   1013.0   -0.2372   -0.3945
174   0.60417   -75.685   38.480   982.3   125.535   0.600   1013.0   -0.2372   -0.3945
175   0.62500   -75.685   38.480   982.3   125.535   0.600   1013.0   -0.2372   -0.3945
176   0.64583   -75.685   38.480   982.3   125.535   0.600   1013.0   -0.2372   -0.3945
177   0.66667   -75.685   38.480   982.3   125.535   0.600   1013.0   -0.2372   -0.3945
178   0.68750   -75.685   38.480   982.3   125.535   0.600   1013.0   -0.2372   -0.3945
179   0.70833   -75.685   38.480   982.3   125.535   0.600   1013.0   -0.2372   -0.3945
180   0.72917   -75.685   38.480   982.3   125.535   0.600   1013.0   -0.2372   -0.3945
181   0.75000   -75.685   38.480   982.3   125.535   0.600   1013.0   -0.2372   -0.3945
182   0.77083   -75.685   38.480   982.3   125.535   0.600   1013.0   -0.2372   -0.3945
183   0.79167   -75.685   38.480   982.3   125.535   0.600   1013.0   -0.2372   -0.3945
184   0.81250   -75.685   38.480   982.3   125.535   0.600   1013.0   -0.2372   -0.3945
185   0.83333   -75.685   38.480   982.3   125.535   0.600   1013.0   -0.2372   -0.3945
186   0.85417   -75.685   38.480   982.3   125.535   0.600   1013.0   -0.2372   -0.3945
187   0.87500   -75.685   38.480   982.3   125.535   0.600   1013.0   -0.2372   -0.3945
188   0.89583   -75.685   38.480   982.3   125.535   0.600   1013.0   -0.2372   -0.3945
189   0.91667   -75.685   38.480   982.3   125.535   0.600   1013.0   -0.2372   -0.3945
190   0.93750   -75.685   38.480   982.3   125.535   0.600   1013.0   -0.2372   -0.3945
191   0.95833   -75.685   38.480   982.3   125.535   0.600   1013.0   -0.2372   -0.3945
192   0.97917   -75.685   38.480   982.3   125.535   0.600   1013.0   -0.2372   -0.3945
193   1.00000   -75.685   38.480   982.3   125.535   0.600   1013.0   -0.2372   -0.3945
