1   -3.00000   -67.510   18.330   956.9   32.610   1.190   1013.0   0.0017   0.0013
2   -2.97917   -67.635   18.415   956.9   32.670   1.190   1013.0   0.0017   0.0015
3   -2.95833   -67.760   18.500   956.9   32.730   1.190   1013.0   0.0015   0.0015
4   -2.93750   -67.880   18.575   956.9   32.790   1.190   1013.0   0.0019   0.0012
5   -2.91667   -68.000   18.650   956.9   32.850   1.190   1013.0   0.0018   0.0008
6   -2.89583   -68.120   18.730   956.9   32.910   1.190   1013.0   0.0012   0.0008
7   -2.87500   -68.240   18.810   956.9   32.970   1.190   1013.0   0.0013   0.0012
8   -2.85417   -68.360   18.890   956.9   33.035   1.185   1013.0   0.0014   0.0018
9   -2.83333   -68.480   18.970   956.9   33.100   1.180   1013.0   0.0017   0.0020
10   -2.81250   -68.605   19.055   956.9   33.165   1.180   1013.0   0.0020   0.0019
11   -2.79167   -68.730   19.140   956.9   33.230   1.180   1013.0   0.0019   0.0016
12   -2.77083   -68.850   19.220   956.9   33.290   1.180   1013.0   0.0025   0.0013
13   -2.75000   -68.970   19.300   956.9   33.350   1.180   1013.0   0.0027   0.0011
14   -2.72917   -69.095   19.380   956.9   33.415   1.175   1013.0   0.0023   0.0010
15   -2.70833   -69.220   19.460   956.9   33.480   1.170   1013.0   0.0016   0.0017
16   -2.68750   -69.335   19.535   956.9   33.545   1.170   1013.0   0.0015   0.0024
17   -2.66667   -69.450   19.610   956.9   33.610   1.170   1013.0   0.0023   0.0025
18   -2.64583   -69.570   19.690   956.9   33.670   1.170   1013.0   0.0024   0.0019
19   -2.62500   -69.690   19.770   956.9   33.730   1.170   1013.0   0.0020   0.0013
20   -2.60417   -69.815   19.850   956.9   33.800   1.170   1013.0   0.0030   0.0012
21   -2.58333   -69.940   19.930   956.9   33.870   1.170   1013.0   0.0030   0.0015
22   -2.56250   -70.060   20.010   956.9   33.935   1.165   1013.0   0.0024   0.0023
23   -2.54167   -70.180   20.090   956.9   34.000   1.160   1013.0   0.0031   0.0029
24   -2.52083   -70.300   20.165   956.9   34.065   1.160   1013.0   0.0032   0.0029
25   -2.50000   -70.420   20.240   956.9   34.130   1.160   1013.0   0.0025   0.0024
26   -2.47917   -70.540   20.320   956.9   34.200   1.160   1013.0   0.0028   0.0016
27   -2.45833   -70.660   20.400   956.9   34.270   1.160   1013.0   0.0027   0.0015
28   -2.43750   -70.780   20.475   956.9   34.335   1.155   1013.0   0.0027   0.0020
29   -2.41667   -70.900   20.550   956.9   34.400   1.150   1013.0   0.0035   0.0027
30   -2.39583   -71.020   20.630   956.9   34.470   1.150   1013.0   0.0035   0.0039
31   -2.37500   -71.140   20.710   956.9   34.540   1.150   1013.0   0.0048   0.0044
32   -2.35417   -71.260   20.785   956.9   34.610   1.150   1013.0   0.0059   0.0033
33   -2.33333   -71.380   20.860   956.9   34.680   1.150   1013.0   0.0043   0.0016
34   -2.31250   -71.495   20.945   956.9   34.750   1.150   1013.0   0.0024   0.0003
35   -2.29167   -71.610   21.030   956.9   34.820   1.150   1013.0   0.0017   0.0007
36   -2.27083   -71.720   21.110   956.9   34.900   1.145   1013.0   0.0021   0.0022
37   -2.25000   -71.830   21.190   956.9   34.980   1.140   1013.0   0.0017   0.0029
38   -2.22917   -71.945   21.280   956.9   35.060   1.140   1013.0   0.0001   0.0032
39   -2.20833   -72.060   21.370   956.9   35.140   1.140   1013.0   0.0003   0.0038
40   -2.18750   -72.175   21.455   956.9   35.220   1.140   1013.0   0.0046   0.0035
41   -2.16667   -72.290   21.540   956.9   35.300   1.140   1013.0   0.0070   0.0018
42   -2.14583   -72.400   21.620   956.9   35.380   1.135   1013.0   0.0056   0.0028
43   -2.12500   -72.510   21.700   956.9   35.460   1.130   1013.0   0.0074   0.0035
44   -2.10417   -72.625   21.785   956.9   35.540   1.130   1013.0   0.0082   0.0059
45   -2.08333   -72.740   21.870   956.9   35.620   1.130   1013.0   0.0075   0.0054
46   -2.06250   -72.850   21.955   956.9   35.700   1.130   1013.0   0.0061   0.0037
47   -2.04167   -72.960   22.040   956.9   35.780   1.130   1013.0   0.0040   0.0012
48   -2.02083   -73.075   22.120   956.9   35.860   1.125   1013.0   0.0012   -0.0001
49   -2.00000   -73.190   22.200   956.9   35.940   1.120   1013.0   0.0015   0.0006
50   -1.97917   -73.300   22.285   956.9   36.025   1.120   1013.0   0.0011   0.0026
51   -1.95833   -73.410   22.370   956.9   36.110   1.120   1013.0   0.0005   0.0048
52   -1.93750   -73.525   22.455   956.9   36.190   1.120   1013.0   0.0020   0.0055
53   -1.91667   -73.640   22.540   956.9   36.270   1.120   1013.0   0.0038   0.0059
54   -1.89583   -73.750   22.620   956.9   36.355   1.120   1013.0   0.0081   0.0048
55   -1.87500   -73.860   22.700   956.9   36.440   1.120   1013.0   0.0094   0.0030
56   -1.85417   -73.975   22.785   956.9   36.530   1.115   1013.0   0.0099   0.0024
57   -1.83333   -74.090   22.870   956.9   36.620   1.110   1013.0   0.0096   0.0035
58   -1.81250   -74.195   22.965   956.9   36.715   1.110   1013.0   0.0088   0.0051
59   -1.79167   -74.300   23.060   956.9   36.810   1.110   1013.0   0.0081   0.0062
60   -1.77083   -74.405   23.150   956.9   36.905   1.110   1013.0   0.0071   0.0054
61   -1.75000   -74.510   23.240   956.9   37.000   1.110   1013.0   0.0053   0.0036
62   -1.72917   -74.615   23.325   956.9   37.095   1.105   1013.0   0.0051   0.0018
63   -1.70833   -74.720   23.410   956.9   37.190   1.100   1013.0   0.0086   0.0022
64   -1.68750   -74.825   23.500   956.9   37.290   1.100   1013.0   0.0147   0.0047
65   -1.66667   -74.930   23.590   956.9   37.390   1.100   1013.0   0.0218   0.0071
66   -1.64583   -75.035   23.685   956.9   37.490   1.100   1013.0   0.0361   0.0083
67   -1.62500   -75.140   23.780   956.9   37.590   1.100   1013.0   0.0430   0.0070
68   -1.60417   -75.245   23.870   956.9   37.690   1.095   1013.0   0.0495   0.0046
69   -1.58333   -75.350   23.960   956.9   37.790   1.090   1013.0   0.0572   0.0033
70   -1.56250   -75.455   24.050   956.9   37.890   1.090   1013.0   0.0591   0.0038
71   -1.54167   -75.560   24.140   956.9   37.990   1.090   1013.0   0.0565   0.0041
72   -1.52083   -75.660   24.235   956.9   38.105   1.085   1013.0   0.0501   0.0055
73   -1.50000   -75.760   24.330   956.9   38.220   1.080   1013.0   0.0457   0.0075
74   -1.47917   -75.855   24.425   956.9   38.330   1.080   1013.0   0.0360   0.0076
75   -1.45833   -75.950   24.520   956.9   38.440   1.080   1013.0   0.0363   0.0065
76   -1.43750   -76.050   24.620   956.9   38.555   1.080   1013.0   0.0383   0.0048
77   -1.41667   -76.150   24.720   956.9   38.670   1.080   1013.0   0.0412   0.0061
78   -1.39583   -76.245   24.815   956.9   38.785   1.075   1013.0   0.0469   0.0082
79   -1.37500   -76.340   24.910   956.9   38.900   1.070   1013.0   0.0539   0.0134
80   -1.35417   -76.440   25.010   956.9   39.020   1.070   1013.0   0.0612   0.0181
81   -1.33333   -76.540   25.110   956.9   39.140   1.070   1013.0   0.0653   0.0168
82   -1.31250   -76.635   25.205   956.9   39.255   1.070   1013.0   0.0703   0.0158
83   -1.29167   -76.730   25.300   956.9   39.370   1.070   1013.0   0.0701   0.0140
84   -1.27083   -76.830   25.400   956.9   39.495   1.065   1013.0   0.0617   0.0131
85   -1.25000   -76.930   25.500   956.9   39.620   1.060   1013.0   0.0568   0.0126
86   -1.22917   -77.025   25.595   956.9   39.740   1.060   1013.0   0.0536   0.0107
87   -1.20833   -77.120   25.690   956.9   39.860   1.060   1013.0   0.0500   0.0099
88   -1.18750   -77.220   25.790   956.9   39.985   1.055   1013.0   0.0491   0.0093
89   -1.16667   -77.320   25.890   956.9   40.110   1.050   1013.0   0.0497   0.0069
90   -1.14583   -77.400   25.995   956.9   40.250   1.050   1013.0   0.0559   0.0061
91   -1.12500   -77.480   26.100   956.9   40.390   1.050   1013.0   0.0662   0.0032
92   -1.10417   -77.560   26.215   956.9   40.540   1.045   1013.0   0.0719   -0.0003
93   -1.08333   -77.640   26.330   956.9   40.690   1.040   1013.0   0.0740   -0.0021
94   -1.06250   -77.720   26.435   956.9   40.835   1.040   1013.0   0.0770   -0.0041
95   -1.04167   -77.800   26.540   956.9   40.980   1.040   1013.0   0.0808   -0.0047
96   -1.02083   -77.880   26.650   956.9   41.130   1.040   1013.0   0.0725   -0.0048
97   -1.00000   -77.960   26.760   956.9   41.280   1.040   1013.0   0.0626   -0.0032
98   -0.97917   -78.045   26.875   956.9   41.440   1.035   1013.0   0.0578   -0.0027
99   -0.95833   -78.130   26.990   957.0   41.600   1.030   1013.0   0.0608   -0.0051
100   -0.93750   -78.210   27.100   957.1   41.775   1.030   1013.0   0.0631   -0.0094
101   -0.91667   -78.290   27.210   957.2   41.950   1.030   1013.0   0.0649   -0.0136
102   -0.89583   -78.370   27.320   957.3   42.135   1.025   1013.0   0.0736   -0.0140
103   -0.87500   -78.450   27.430   957.4   42.320   1.020   1013.0   0.0847   -0.0100
104   -0.85417   -78.530   27.540   957.5   42.505   1.020   1013.0   0.0977   -0.0068
105   -0.83333   -78.610   27.650   957.6   42.690   1.020   1013.0   0.1029   -0.0079
106   -0.81250   -78.665   27.775   957.7   42.895   1.015   1013.0   0.1016   -0.0119
107   -0.79167   -78.720   27.900   957.8   43.100   1.010   1013.0   0.0924   -0.0193
108   -0.77083   -78.760   28.030   957.9   43.320   1.010   1013.0   0.0843   -0.0273
109   -0.75000   -78.800   28.160   958.0   43.540   1.010   1013.0   0.0729   -0.0313
110   -0.72917   -78.840   28.290   958.1   43.760   1.005   1013.0   0.0654   -0.0315
111   -0.70833   -78.880   28.420   958.2   43.980   1.000   1013.0   0.0610   -0.0320
112   -0.68750   -78.915   28.550   958.3   44.210   0.995   1013.0   0.0548   -0.0306
113   -0.66667   -78.950   28.680   958.4   44.440   0.990   1013.0   0.0574   -0.0285
114   -0.64583   -78.990   28.810   958.5   44.670   0.990   1013.0   0.0695   -0.0256
115   -0.62500   -79.030   28.940   958.6   44.900   0.990   1013.0   0.0856   -0.0262
116   -0.60417   -79.070   29.075   958.8   45.140   0.985   1013.0   0.1014   -0.0290
117   -0.58333   -79.110   29.210   958.9   45.380   0.980   1013.0   0.1227   -0.0282
118   -0.56250   -79.150   29.345   959.0   45.630   0.980   1013.0   0.1338   -0.0268
119   -0.54167   -79.190   29.480   959.1   45.880   0.980   1013.0   0.1328   -0.0248
120   -0.52083   -79.210   29.610   959.2   46.125   0.975   1013.0   0.1257   -0.0246
121   -0.50000   -79.230   29.740   959.3   46.370   0.970   1013.0   0.1181   -0.0282
122   -0.47917   -79.235   29.880   959.4   46.640   0.965   1013.0   0.1119   -0.0365
123   -0.45833   -79.240   30.020   959.5   46.910   0.960   1013.0   0.1088   -0.0430
124   -0.43750   -79.250   30.160   959.6   47.180   0.960   1013.0   0.1114   -0.0450
125   -0.41667   -79.260   30.300   959.7   47.450   0.960   1013.0   0.1101   -0.0451
126   -0.39583   -79.265   30.440   959.8   47.725   0.955   1013.0   0.1161   -0.0408
127   -0.37500   -79.270   30.580   959.9   48.000   0.950   1013.0   0.1284   -0.0361
128   -0.35417   -79.280   30.725   960.0   48.290   0.945   1013.0   0.1445   -0.0316
129   -0.33333   -79.290   30.870   960.1   48.580   0.940   1013.0   0.1698   -0.0312
130   -0.31250   -79.300   31.015   960.2   48.880   0.940   1013.0   0.1919   -0.0348
131   -0.29167   -79.310   31.160   960.4   49.180   0.940   1013.0   0.2104   -0.0397
132   -0.27083   -79.305   31.305   960.5   49.485   0.935   1013.0   0.2286   -0.0459
133   -0.25000   -79.300   31.450   960.6   49.790   0.930   1013.0   0.2415   -0.0474
134   -0.22917   -79.295   31.595   960.7   50.100   0.925   1013.0   0.2495   -0.0470
135   -0.20833   -79.290   31.740   960.8   50.410   0.920   1013.0   0.2622   -0.0429
136   -0.18750   -79.280   31.885   960.9   50.725   0.915   1013.0   0.2822   -0.0387
137   -0.16667   -79.270   32.030   961.0   51.040   0.910   1013.0   0.3078   -0.0362
138   -0.14583   -79.265   32.180   961.1   51.370   0.910   1013.0   0.3409   -0.0361
139   -0.12500   -79.260   32.330   961.2   51.700   0.910   1013.0   0.3764   -0.0375
140   -0.10417   -79.250   32.485   961.3   52.055   0.905   1013.0   0.4172   -0.0377
141   -0.08333   -79.240   32.640   961.4   52.410   0.900   1013.0   0.4637   -0.0379
142   -0.06250   -79.220   32.790   961.5   52.765   0.895   1013.0   0.5161   -0.0377
143   -0.04167   -79.200   32.940   961.6   53.120   0.890   1013.0   0.5681   -0.0390
144   -0.02083   -79.175   33.095   961.7   53.480   0.885   1013.0   0.6287   -0.0415
145   0.00000   -79.150   33.250   961.8   53.840   0.880   1013.0   0.7012   -0.0428
146   0.02083   -79.125   33.410   962.6   54.390   0.875   1013.0   0.7820   -0.0444
147   0.04167   -79.100   33.570   963.4   54.940   0.870   1013.0   0.8624   -0.0452
148   0.06250   -79.070   33.725   965.9   55.925   0.865   1013.0   0.9323   -0.0455
149   0.08333   -79.040   33.880   968.5   56.910   0.860   1013.0   0.9615   -0.0462
150   0.10417   -79.015   34.045   970.8   57.825   0.850   1013.0   0.9179   -0.0480
151   0.12500   -78.990   34.210   973.0   58.740   0.840   1013.0   0.7821   -0.0518
152   0.14583   -78.960   34.370   975.1   59.575   0.830   1013.0   0.5776   -0.0571
153   0.16667   -78.930   34.530   977.2   60.410   0.820   1013.0   0.3370   -0.0642
154   0.18750   -78.905   34.700   979.0   61.205   0.815   1013.0   0.1041   -0.0714
155   0.20833   -78.880   34.870   980.9   62.000   0.810   1013.0   -0.0800   -0.0824
156   0.22917   -78.850   35.040   982.5   62.765   0.800   1013.0   -0.1663   -0.0962
157   0.25000   -78.820   35.210   984.2   63.530   0.790   1013.0   -0.1622   -0.1093
158   0.27083   -78.790   35.385   985.6   64.255   0.785   1013.0   -0.1189   -0.1214
159   0.29167   -78.760   35.560   987.1   64.980   0.780   1013.0   -0.0811   -0.1322
160   0.31250   -78.725   35.735   988.5   65.695   0.770   1013.0   -0.0438   -0.1406
161   0.33333   -78.690   35.910   989.8   66.410   0.760   1013.0   -0.0184   -0.1466
162   0.35417   -78.660   36.090   991.0   67.115   0.755   1013.0   -0.0094   -0.1520
163   0.37500   -78.630   36.270   992.2   67.820   0.750   1013.0   -0.0182   -0.1586
164   0.39583   -78.595   36.460   993.2   68.535   0.745   1013.0   -0.0443   -0.1693
165   0.41667   -78.560   36.650   994.3   69.250   0.740   1013.0   -0.0864   -0.1844
166   0.43750   -78.525   36.840   995.3   69.970   0.730   1013.0   -0.1574   -0.2001
167   0.45833   -78.490   37.030   996.2   70.690   0.720   1013.0   -0.2525   -0.2123
168   0.47917   -78.455   37.225   997.1   71.415   0.715   1013.0   -0.3259   -0.2252
169   0.50000   -78.420   37.420   998.0   72.140   0.710   1013.0   -0.3322   -0.2372
170   0.52083   -78.380   37.620   998.7   72.900   0.700   1013.0   -0.2697   -0.2465
171   0.54167   -78.340   37.820   999.5   73.660   0.690   1013.0   -0.1759   -0.2539
172   0.56250   -78.305   38.025   1000.2   74.445   0.685   1013.0   -0.0899   -0.2607
173   0.58333   -78.305   38.025   1000.2   74.445   0.685   1013.0   -0.0899   -0.2607
174   0.60417   -78.305   38.025   1000.2   74.445   0.685   1013.0   -0.0899   -0.2607
175   0.62500   -78.305   38.025   1000.2   74.445   0.685   1013.0   -0.0899   -0.2607
176   0.64583   -78.305   38.025   1000.2   74.445   0.685   1013.0   -0.0899   -0.2607
177   0.66667   -78.305   38.025   1000.2   74.445   0.685   1013.0   -0.0899   -0.2607
178   0.68750   -78.305   38.025   1000.2   74.445   0.685   1013.0   -0.0899   -0.2607
179   0.70833   -78.305   38.025   1000.2   74.445   0.685   1013.0   -0.0899   -0.2607
180   0.72917   -78.305   38.025   1000.2   74.445   0.685   1013.0   -0.0899   -0.2607
181   0.75000   -78.305   38.025   1000.2   74.445   0.685   1013.0   -0.0899   -0.2607
182   0.77083   -78.305   38.025   1000.2   74.445   0.685   1013.0   -0.0899   -0.2607
183   0.79167   -78.305   38.025   1000.2   74.445   0.685   1013.0   -0.0899   -0.2607
184   0.81250   -78.305   38.025   1000.2   74.445   0.685   1013.0   -0.0899   -0.2607
185   0.83333   -78.305   38.025   1000.2   74.445   0.685   1013.0   -0.0899   -0.2607
186   0.85417   -78.305   38.025   1000.2   74.445   0.685   1013.0   -0.0899   -0.2607
187   0.87500   -78.305   38.025   1000.2   74.445   0.685   1013.0   -0.0899   -0.2607
188   0.89583   -78.305   38.025   1000.2   74.445   0.685   1013.0   -0.0899   -0.2607
189   0.91667   -78.305   38.025   1000.2   74.445   0.685   1013.0   -0.0899   -0.2607
190   0.93750   -78.305   38.025   1000.2   74.445   0.685   1013.0   -0.0899   -0.2607
191   0.95833   -78.305   38.025   1000.2   74.445   0.685   1013.0   -0.0899   -0.2607
192   0.97917   -78.305   38.025   1000.2   74.445   0.685   1013.0   -0.0899   -0.2607
193   1.00000   -78.305   38.025   1000.2   74.445   0.685   1013.0   -0.0899   -0.2607
