1   -3.00000   -72.900   29.670   973.4   84.050   0.760   1013.0   0.0898   0.0603
2   -2.97917   -72.920   29.700   973.4   84.150   0.760   1013.0   0.0883   0.0625
3   -2.95833   -72.940   29.730   973.4   84.250   0.760   1013.0   0.0904   0.0642
4   -2.93750   -72.965   29.765   973.4   84.355   0.760   1013.0   0.0969   0.0630
5   -2.91667   -72.990   29.800   973.4   84.460   0.760   1013.0   0.0961   0.0602
6   -2.89583   -73.010   29.835   973.4   84.565   0.755   1013.0   0.0922   0.0598
7   -2.87500   -73.030   29.870   973.4   84.670   0.750   1013.0   0.0932   0.0614
8   -2.85417   -73.055   29.900   973.4   84.770   0.750   1013.0   0.0951   0.0631
9   -2.83333   -73.080   29.930   973.4   84.870   0.750   1013.0   0.0933   0.0643
10   -2.81250   -73.100   29.965   973.4   84.975   0.750   1013.0   0.0922   0.0648
11   -2.79167   -73.120   30.000   973.4   85.080   0.750   1013.0   0.0931   0.0651
12   -2.77083   -73.145   30.030   973.4   85.185   0.750   1013.0   0.0951   0.0656
13   -2.75000   -73.170   30.060   973.4   85.290   0.750   1013.0   0.1018   0.0678
14   -2.72917   -73.195   30.095   973.4   85.395   0.750   1013.0   0.1059   0.0708
15   -2.70833   -73.220   30.130   973.4   85.500   0.750   1013.0   0.1061   0.0715
16   -2.68750   -73.245   30.165   973.4   85.620   0.745   1013.0   0.1103   0.0713
17   -2.66667   -73.270   30.200   973.4   85.740   0.740   1013.0   0.1152   0.0719
18   -2.64583   -73.290   30.235   973.4   85.845   0.740   1013.0   0.1175   0.0725
19   -2.62500   -73.310   30.270   973.4   85.950   0.740   1013.0   0.1179   0.0724
20   -2.60417   -73.335   30.305   973.4   86.055   0.740   1013.0   0.1178   0.0727
21   -2.58333   -73.360   30.340   973.4   86.160   0.740   1013.0   0.1182   0.0744
22   -2.56250   -73.380   30.370   973.4   86.270   0.740   1013.0   0.1179   0.0766
23   -2.54167   -73.400   30.400   973.4   86.380   0.740   1013.0   0.1185   0.0781
24   -2.52083   -73.425   30.435   973.4   86.485   0.740   1013.0   0.1176   0.0781
25   -2.50000   -73.450   30.470   973.4   86.590   0.740   1013.0   0.1162   0.0774
26   -2.47917   -73.470   30.500   973.4   86.700   0.735   1013.0   0.1190   0.0771
27   -2.45833   -73.490   30.530   973.4   86.810   0.730   1013.0   0.1218   0.0782
28   -2.43750   -73.515   30.565   973.4   86.920   0.730   1013.0   0.1243   0.0803
29   -2.41667   -73.540   30.600   973.4   87.030   0.730   1013.0   0.1278   0.0819
30   -2.39583   -73.565   30.635   973.4   87.150   0.730   1013.0   0.1308   0.0819
31   -2.37500   -73.590   30.670   973.4   87.270   0.730   1013.0   0.1340   0.0828
32   -2.35417   -73.615   30.705   973.4   87.380   0.730   1013.0   0.1370   0.0843
33   -2.33333   -73.640   30.740   973.4   87.490   0.730   1013.0   0.1399   0.0857
34   -2.31250   -73.660   30.775   973.4   87.600   0.730   1013.0   0.1429   0.0883
35   -2.29167   -73.680   30.810   973.4   87.710   0.730   1013.0   0.1452   0.0897
36   -2.27083   -73.705   30.840   973.4   87.820   0.725   1013.0   0.1471   0.0910
37   -2.25000   -73.730   30.870   973.4   87.930   0.720   1013.0   0.1481   0.0937
38   -2.22917   -73.755   30.910   973.4   88.055   0.720   1013.0   0.1492   0.0954
39   -2.20833   -73.780   30.950   973.4   88.180   0.720   1013.0   0.1504   0.0945
40   -2.18750   -73.800   30.980   973.4   88.290   0.720   1013.0   0.1500   0.0917
41   -2.16667   -73.820   31.010   973.4   88.400   0.720   1013.0   0.1502   0.0921
42   -2.14583   -73.845   31.045   973.4   88.515   0.720   1013.0   0.1521   0.0958
43   -2.12500   -73.870   31.080   973.4   88.630   0.720   1013.0   0.1559   0.0985
44   -2.10417   -73.895   31.115   973.4   88.755   0.715   1013.0   0.1600   0.1001
45   -2.08333   -73.920   31.150   973.4   88.880   0.710   1013.0   0.1598   0.1008
46   -2.06250   -73.945   31.185   973.4   88.995   0.710   1013.0   0.1603   0.1020
47   -2.04167   -73.970   31.220   973.4   89.110   0.710   1013.0   0.1642   0.1038
48   -2.02083   -73.990   31.250   973.4   89.220   0.710   1013.0   0.1688   0.1049
49   -2.00000   -74.010   31.280   973.4   89.330   0.710   1013.0   0.1726   0.1046
50   -1.97917   -74.035   31.320   973.4   89.460   0.710   1013.0   0.1724   0.1045
51   -1.95833   -74.060   31.360   973.4   89.590   0.710   1013.0   0.1729   0.1085
52   -1.93750   -74.085   31.390   973.4   89.705   0.710   1013.0   0.1786   0.1130
53   -1.91667   -74.110   31.420   973.4   89.820   0.710   1013.0   0.1834   0.1143
54   -1.89583   -74.135   31.460   973.4   89.950   0.705   1013.0   0.1831   0.1154
55   -1.87500   -74.160   31.500   973.4   90.080   0.700   1013.0   0.1836   0.1168
56   -1.85417   -74.185   31.530   973.4   90.195   0.700   1013.0   0.1887   0.1178
57   -1.83333   -74.210   31.560   973.4   90.310   0.700   1013.0   0.1924   0.1202
58   -1.81250   -74.235   31.600   973.4   90.440   0.700   1013.0   0.1934   0.1221
59   -1.79167   -74.260   31.640   973.4   90.570   0.700   1013.0   0.1949   0.1221
60   -1.77083   -74.280   31.670   973.4   90.690   0.700   1013.0   0.1954   0.1222
61   -1.75000   -74.300   31.700   973.4   90.810   0.700   1013.0   0.1977   0.1244
62   -1.72917   -74.325   31.740   973.4   90.940   0.695   1013.0   0.2022   0.1278
63   -1.70833   -74.350   31.780   973.4   91.070   0.690   1013.0   0.2038   0.1294
64   -1.68750   -74.375   31.810   973.4   91.190   0.690   1013.0   0.2044   0.1292
65   -1.66667   -74.400   31.840   973.4   91.310   0.690   1013.0   0.2071   0.1306
66   -1.64583   -74.425   31.880   973.4   91.445   0.690   1013.0   0.2123   0.1338
67   -1.62500   -74.450   31.920   973.4   91.580   0.690   1013.0   0.2161   0.1364
68   -1.60417   -74.475   31.955   973.4   91.715   0.690   1013.0   0.2162   0.1377
69   -1.58333   -74.500   31.990   973.4   91.850   0.690   1013.0   0.2193   0.1410
70   -1.56250   -74.525   32.025   973.4   91.970   0.685   1013.0   0.2254   0.1462
71   -1.54167   -74.550   32.060   973.4   92.090   0.680   1013.0   0.2311   0.1483
72   -1.52083   -74.575   32.095   973.4   92.225   0.680   1013.0   0.2338   0.1477
73   -1.50000   -74.600   32.130   973.4   92.360   0.680   1013.0   0.2340   0.1478
74   -1.47917   -74.625   32.165   973.4   92.495   0.680   1013.0   0.2372   0.1484
75   -1.45833   -74.650   32.200   973.4   92.630   0.680   1013.0   0.2399   0.1497
76   -1.43750   -74.670   32.235   973.4   92.755   0.680   1013.0   0.2396   0.1522
77   -1.41667   -74.690   32.270   973.4   92.880   0.680   1013.0   0.2417   0.1570
78   -1.39583   -74.720   32.305   973.4   93.015   0.675   1013.0   0.2454   0.1615
79   -1.37500   -74.750   32.340   973.4   93.150   0.670   1013.0   0.2491   0.1634
80   -1.35417   -74.775   32.380   973.4   93.290   0.670   1013.0   0.2516   0.1644
81   -1.33333   -74.800   32.420   973.4   93.430   0.670   1013.0   0.2531   0.1660
82   -1.31250   -74.825   32.455   973.4   93.570   0.670   1013.0   0.2579   0.1671
83   -1.29167   -74.850   32.490   973.4   93.710   0.670   1013.0   0.2633   0.1690
84   -1.27083   -74.875   32.525   973.4   93.850   0.670   1013.0   0.2643   0.1724
85   -1.25000   -74.900   32.560   973.4   93.990   0.670   1013.0   0.2665   0.1764
86   -1.22917   -74.925   32.600   973.4   94.130   0.665   1013.0   0.2707   0.1805
87   -1.20833   -74.950   32.640   973.4   94.270   0.660   1013.0   0.2730   0.1832
88   -1.18750   -74.975   32.670   973.4   94.395   0.660   1013.0   0.2732   0.1846
89   -1.16667   -75.000   32.700   973.4   94.520   0.660   1013.0   0.2736   0.1857
90   -1.14583   -75.025   32.740   973.4   94.660   0.660   1013.0   0.2781   0.1884
91   -1.12500   -75.050   32.780   973.4   94.800   0.660   1013.0   0.2826   0.1913
92   -1.10417   -75.075   32.815   973.4   94.945   0.660   1013.0   0.2823   0.1928
93   -1.08333   -75.100   32.850   973.4   95.090   0.660   1013.0   0.2842   0.1977
94   -1.06250   -75.130   32.890   973.4   95.245   0.655   1013.0   0.2905   0.2048
95   -1.04167   -75.160   32.930   973.4   95.400   0.650   1013.0   0.2962   0.2076
96   -1.02083   -75.185   32.965   973.4   95.540   0.650   1013.0   0.2963   0.2084
97   -1.00000   -75.210   33.000   973.4   95.680   0.650   1013.0   0.2955   0.2102
98   -0.97917   -75.240   33.040   973.4   95.820   0.650   1013.0   0.3008   0.2120
99   -0.95833   -75.270   33.080   973.4   95.960   0.650   1013.0   0.3047   0.2142
100   -0.93750   -75.295   33.115   973.5   96.120   0.650   1013.0   0.3029   0.2175
101   -0.91667   -75.320   33.150   973.5   96.280   0.650   1013.0   0.3027   0.2228
102   -0.89583   -75.350   33.185   973.6   96.450   0.645   1013.0   0.3059   0.2280
103   -0.87500   -75.380   33.220   973.7   96.620   0.640   1013.0   0.3095   0.2309
104   -0.85417   -75.405   33.255   973.7   96.790   0.640   1013.0   0.3104   0.2323
105   -0.83333   -75.430   33.290   973.8   96.960   0.640   1013.0   0.3104   0.2327
106   -0.81250   -75.460   33.330   973.9   97.145   0.640   1013.0   0.3144   0.2327
107   -0.79167   -75.490   33.370   974.0   97.330   0.640   1013.0   0.3178   0.2355
108   -0.77083   -75.520   33.405   974.0   97.500   0.640   1013.0   0.3181   0.2401
109   -0.75000   -75.550   33.440   974.1   97.670   0.640   1013.0   0.3205   0.2450
110   -0.72917   -75.580   33.480   974.2   97.860   0.635   1013.0   0.3237   0.2481
111   -0.70833   -75.610   33.520   974.3   98.050   0.630   1013.0   0.3248   0.2491
112   -0.68750   -75.635   33.555   974.3   98.220   0.630   1013.0   0.3223   0.2506
113   -0.66667   -75.660   33.590   974.4   98.390   0.630   1013.0   0.3195   0.2534
114   -0.64583   -75.690   33.625   974.5   98.565   0.630   1013.0   0.3222   0.2560
115   -0.62500   -75.720   33.660   974.6   98.740   0.630   1013.0   0.3223   0.2578
116   -0.60417   -75.750   33.700   974.6   98.930   0.625   1013.0   0.3182   0.2597
117   -0.58333   -75.780   33.740   974.7   99.120   0.620   1013.0   0.3166   0.2626
118   -0.56250   -75.805   33.775   974.8   99.295   0.620   1013.0   0.3162   0.2649
119   -0.54167   -75.830   33.810   974.9   99.470   0.620   1013.0   0.3154   0.2670
120   -0.52083   -75.860   33.850   974.9   99.660   0.620   1013.0   0.3134   0.2688
121   -0.50000   -75.890   33.890   975.0   99.850   0.620   1013.0   0.3096   0.2709
122   -0.47917   -75.920   33.930   975.1   100.045   0.615   1013.0   0.3085   0.2746
123   -0.45833   -75.950   33.970   975.2   100.240   0.610   1013.0   0.3076   0.2783
124   -0.43750   -75.980   34.005   975.2   100.415   0.610   1013.0   0.3003   0.2797
125   -0.41667   -76.010   34.040   975.3   100.590   0.610   1013.0   0.2914   0.2794
126   -0.39583   -76.040   34.080   975.4   100.785   0.610   1013.0   0.2840   0.2791
127   -0.37500   -76.070   34.120   975.5   100.980   0.610   1013.0   0.2736   0.2808
128   -0.35417   -76.100   34.160   975.5   101.175   0.605   1013.0   0.2651   0.2846
129   -0.33333   -76.130   34.200   975.6   101.370   0.600   1013.0   0.2584   0.2881
130   -0.31250   -76.160   34.235   975.7   101.550   0.600   1013.0   0.2489   0.2883
131   -0.29167   -76.190   34.270   975.8   101.730   0.600   1013.0   0.2404   0.2866
132   -0.27083   -76.220   34.310   975.8   101.930   0.600   1013.0   0.2309   0.2860
133   -0.25000   -76.250   34.350   975.9   102.130   0.600   1013.0   0.2190   0.2869
134   -0.22917   -76.280   34.390   976.0   102.330   0.600   1013.0   0.2078   0.2889
135   -0.20833   -76.310   34.430   976.1   102.530   0.600   1013.0   0.1969   0.2916
136   -0.18750   -76.340   34.470   976.1   102.730   0.595   1013.0   0.1827   0.2931
137   -0.16667   -76.370   34.510   976.2   102.930   0.590   1013.0   0.1698   0.2916
138   -0.14583   -76.400   34.550   976.3   103.130   0.590   1013.0   0.1582   0.2889
139   -0.12500   -76.430   34.590   976.4   103.330   0.590   1013.0   0.1448   0.2865
140   -0.10417   -76.460   34.630   976.4   103.540   0.590   1013.0   0.1298   0.2836
141   -0.08333   -76.490   34.670   976.5   103.750   0.590   1013.0   0.1128   0.2810
142   -0.06250   -76.515   34.715   976.6   103.960   0.585   1013.0   0.0956   0.2798
143   -0.04167   -76.540   34.760   976.7   104.170   0.580   1013.0   0.0813   0.2797
144   -0.02083   -76.570   34.800   976.7   104.390   0.580   1013.0   0.0670   0.2778
145   0.00000   -76.600   34.840   976.8   104.610   0.580   1013.0   0.0526   0.2732
146   0.02083   -76.625   34.885   976.9   104.825   0.580   1013.0   0.0354   0.2684
147   0.04167   -76.650   34.930   977.0   105.040   0.580   1013.0   0.0155   0.2648
148   0.06250   -76.675   34.970   978.1   105.605   0.575   1013.0   -0.0002   0.2601
149   0.08333   -76.700   35.010   979.2   106.170   0.570   1013.0   -0.0136   0.2529
150   0.10417   -76.730   35.050   980.5   106.795   0.570   1013.0   -0.0252   0.2410
151   0.12500   -76.760   35.090   981.8   107.420   0.570   1013.0   -0.0283   0.2204
152   0.14583   -76.785   35.135   983.1   107.985   0.565   1013.0   -0.0283   0.1987
153   0.16667   -76.810   35.180   984.3   108.550   0.560   1013.0   -0.0333   0.1820
154   0.18750   -76.840   35.220   985.4   109.060   0.560   1013.0   -0.0395   0.1671
155   0.20833   -76.870   35.260   986.6   109.570   0.560   1013.0   -0.0489   0.1542
156   0.22917   -76.900   35.305   987.6   110.065   0.560   1013.0   -0.0615   0.1392
157   0.25000   -76.930   35.350   988.7   110.560   0.560   1013.0   -0.0730   0.1236
158   0.27083   -76.955   35.395   989.6   110.995   0.555   1013.0   -0.0852   0.1097
159   0.29167   -76.980   35.440   990.6   111.430   0.550   1013.0   -0.0945   0.1018
160   0.31250   -77.005   35.480   991.5   111.830   0.550   1013.0   -0.0974   0.0948
161   0.33333   -77.030   35.520   992.4   112.230   0.550   1013.0   -0.1020   0.0883
162   0.35417   -77.060   35.565   993.2   112.630   0.550   1013.0   -0.1087   0.0822
163   0.37500   -77.090   35.610   994.0   113.030   0.550   1013.0   -0.1114   0.0785
164   0.39583   -77.120   35.655   994.8   113.385   0.545   1013.0   -0.1058   0.0744
165   0.41667   -77.150   35.700   995.5   113.740   0.540   1013.0   -0.1003   0.0670
166   0.43750   -77.180   35.745   996.2   114.095   0.540   1013.0   -0.0980   0.0574
167   0.45833   -77.210   35.790   996.9   114.450   0.540   1013.0   -0.0920   0.0492
168   0.47917   -77.240   35.835   997.5   114.790   0.535   1013.0   -0.0863   0.0436
169   0.50000   -77.270   35.880   998.2   115.130   0.530   1013.0   -0.0830   0.0399
170   0.52083   -77.295   35.925   998.8   115.435   0.530   1013.0   -0.0831   0.0360
171   0.54167   -77.320   35.970   999.3   115.740   0.530   1013.0   -0.0871   0.0320
172   0.56250   -77.350   36.015   999.9   116.055   0.530   1013.0   -0.0935   0.0291
173   0.58333   -77.380   36.060   1000.4   116.370   0.530   1013.0   -0.0980   0.0263
174   0.60417   -77.410   36.105   1000.9   116.675   0.525   1013.0   -0.1022   0.0242
175   0.62500   -77.440   36.150   1001.4   116.980   0.520   1013.0   -0.1050   0.0193
176   0.64583   -77.470   36.200   1001.9   117.280   0.520   1013.0   -0.1035   0.0126
177   0.66667   -77.500   36.250   1002.3   117.580   0.520   1013.0   -0.0994   0.0069
178   0.68750   -77.530   36.295   1002.8   117.870   0.520   1013.0   -0.0947   0.0053
179   0.70833   -77.560   36.340   1003.2   118.160   0.520   1013.0   -0.0882   0.0060
180   0.72917   -77.590   36.385   1003.6   118.450   0.515   1013.0   -0.0804   0.0070
181   0.75000   -77.620   36.430   1004.0   118.740   0.510   1013.0   -0.0740   0.0079
182   0.77083   -77.650   36.475   1004.3   119.020   0.510   1013.0   -0.0693   0.0076
183   0.79167   -77.680   36.520   1004.7   119.300   0.510   1013.0   -0.0648   0.0067
184   0.81250   -77.710   36.570   1005.0   119.580   0.510   1013.0   -0.0611   0.0058
185   0.83333   -77.740   36.620   1005.3   119.860   0.510   1013.0   -0.0606   0.0048
186   0.85417   -77.770   36.665   1005.6   120.140   0.505   1013.0   -0.0605   0.0037
187   0.87500   -77.800   36.710   1006.0   120.420   0.500   1013.0   -0.0601   0.0030
188   0.89583   -77.830   36.755   1006.2   120.695   0.500   1013.0   -0.0589   0.0031
189   0.91667   -77.860   36.800   1006.5   120.970   0.500   1013.0   -0.0564   0.0029
190   0.93750   -77.890   36.850   1006.8   121.265   0.500   1013.0   -0.0551   0.0027
191   0.95833   -77.920   36.900   1007.0   121.560   0.500   1013.0   -0.0549   0.0013
192   0.97917   -77.950   36.945   1007.3   121.830   0.495   1013.0   -0.0541   -0.0016
193   1.00000   -77.980   36.990   1007.5   122.100   0.490   1013.0   -0.0525   -0.0032
