1   -3.00000   -72.060   22.980   973.4   39.500   1.090   1013.0   0.0055   0.0034
2   -2.97917   -72.135   23.035   973.4   39.560   1.090   1013.0   0.0086   0.0027
3   -2.95833   -72.210   23.090   973.4   39.620   1.090   1013.0   0.0072   0.0026
4   -2.93750   -72.285   23.145   973.4   39.685   1.090   1013.0   0.0062   0.0035
5   -2.91667   -72.360   23.200   973.4   39.750   1.090   1013.0   0.0069   0.0037
6   -2.89583   -72.440   23.255   973.4   39.815   1.090   1013.0   0.0066   0.0035
7   -2.87500   -72.520   23.310   973.4   39.880   1.090   1013.0   0.0078   0.0035
8   -2.85417   -72.590   23.365   973.4   39.940   1.090   1013.0   0.0093   0.0027
9   -2.83333   -72.660   23.420   973.4   40.000   1.090   1013.0   0.0109   0.0031
10   -2.81250   -72.740   23.475   973.4   40.065   1.085   1013.0   0.0142   0.0041
11   -2.79167   -72.820   23.530   973.4   40.130   1.080   1013.0   0.0191   0.0049
12   -2.77083   -72.895   23.585   973.4   40.195   1.080   1013.0   0.0236   0.0048
13   -2.75000   -72.970   23.640   973.4   40.260   1.080   1013.0   0.0231   0.0041
14   -2.72917   -73.050   23.695   973.4   40.325   1.080   1013.0   0.0231   0.0022
15   -2.70833   -73.130   23.750   973.4   40.390   1.080   1013.0   0.0250   0.0025
16   -2.68750   -73.205   23.805   973.4   40.460   1.080   1013.0   0.0234   0.0037
17   -2.66667   -73.280   23.860   973.4   40.530   1.080   1013.0   0.0212   0.0053
18   -2.64583   -73.355   23.920   973.4   40.595   1.080   1013.0   0.0219   0.0048
19   -2.62500   -73.430   23.980   973.4   40.660   1.080   1013.0   0.0202   0.0040
20   -2.60417   -73.510   24.035   973.4   40.730   1.075   1013.0   0.0206   0.0038
21   -2.58333   -73.590   24.090   973.4   40.800   1.070   1013.0   0.0251   0.0042
22   -2.56250   -73.660   24.140   973.4   40.860   1.070   1013.0   0.0270   0.0055
23   -2.54167   -73.730   24.190   973.4   40.920   1.070   1013.0   0.0267   0.0058
24   -2.52083   -73.810   24.245   973.4   40.990   1.070   1013.0   0.0263   0.0047
25   -2.50000   -73.890   24.300   973.4   41.060   1.070   1013.0   0.0267   0.0057
26   -2.47917   -73.965   24.360   973.4   41.130   1.070   1013.0   0.0262   0.0077
27   -2.45833   -74.040   24.420   973.4   41.200   1.070   1013.0   0.0283   0.0088
28   -2.43750   -74.115   24.475   973.4   41.270   1.065   1013.0   0.0286   0.0083
29   -2.41667   -74.190   24.530   973.4   41.340   1.060   1013.0   0.0247   0.0075
30   -2.39583   -74.255   24.600   973.4   41.430   1.060   1013.0   0.0253   0.0067
31   -2.37500   -74.320   24.670   973.4   41.520   1.060   1013.0   0.0289   0.0077
32   -2.35417   -74.380   24.735   973.4   41.605   1.060   1013.0   0.0289   0.0080
33   -2.33333   -74.440   24.800   973.4   41.690   1.060   1013.0   0.0289   0.0066
34   -2.31250   -74.500   24.875   973.4   41.785   1.060   1013.0   0.0293   0.0059
35   -2.29167   -74.560   24.950   973.4   41.880   1.060   1013.0   0.0264   0.0048
36   -2.27083   -74.615   25.020   973.4   41.970   1.055   1013.0   0.0250   0.0044
37   -2.25000   -74.670   25.090   973.4   42.060   1.050   1013.0   0.0283   0.0043
38   -2.22917   -74.730   25.165   973.4   42.160   1.050   1013.0   0.0261   0.0027
39   -2.20833   -74.790   25.240   973.4   42.260   1.050   1013.0   0.0239   0.0018
40   -2.18750   -74.845   25.310   973.4   42.350   1.050   1013.0   0.0261   0.0009
41   -2.16667   -74.900   25.380   973.4   42.440   1.050   1013.0   0.0267   0.0007
42   -2.14583   -74.960   25.455   973.4   42.540   1.045   1013.0   0.0257   0.0018
43   -2.12500   -75.020   25.530   973.4   42.640   1.040   1013.0   0.0267   0.0017
44   -2.10417   -75.080   25.600   973.4   42.735   1.040   1013.0   0.0283   0.0017
45   -2.08333   -75.140   25.670   973.4   42.830   1.040   1013.0   0.0293   0.0019
46   -2.06250   -75.200   25.740   973.4   42.930   1.040   1013.0   0.0298   0.0019
47   -2.04167   -75.260   25.810   973.4   43.030   1.040   1013.0   0.0300   0.0012
48   -2.02083   -75.320   25.885   973.4   43.135   1.040   1013.0   0.0302   -0.0000
49   -2.00000   -75.380   25.960   973.4   43.240   1.040   1013.0   0.0317   -0.0015
50   -1.97917   -75.435   26.030   973.4   43.335   1.035   1013.0   0.0315   -0.0022
51   -1.95833   -75.490   26.100   973.4   43.430   1.030   1013.0   0.0291   -0.0023
52   -1.93750   -75.550   26.175   973.4   43.535   1.030   1013.0   0.0279   -0.0004
53   -1.91667   -75.610   26.250   973.4   43.640   1.030   1013.0   0.0293   0.0002
54   -1.89583   -75.670   26.320   973.4   43.740   1.030   1013.0   0.0288   -0.0009
55   -1.87500   -75.730   26.390   973.4   43.840   1.030   1013.0   0.0290   -0.0029
56   -1.85417   -75.790   26.460   973.4   43.945   1.025   1013.0   0.0312   -0.0043
57   -1.83333   -75.850   26.530   973.4   44.050   1.020   1013.0   0.0326   -0.0047
58   -1.81250   -75.905   26.610   973.4   44.160   1.020   1013.0   0.0324   -0.0040
59   -1.79167   -75.960   26.690   973.4   44.270   1.020   1013.0   0.0315   -0.0038
60   -1.77083   -76.000   26.770   973.4   44.390   1.020   1013.0   0.0309   -0.0043
61   -1.75000   -76.040   26.850   973.4   44.510   1.020   1013.0   0.0310   -0.0045
62   -1.72917   -76.080   26.925   973.4   44.630   1.015   1013.0   0.0321   -0.0063
63   -1.70833   -76.120   27.000   973.4   44.750   1.010   1013.0   0.0310   -0.0074
64   -1.68750   -76.165   27.085   973.4   44.875   1.010   1013.0   0.0297   -0.0070
65   -1.66667   -76.210   27.170   973.4   45.000   1.010   1013.0   0.0282   -0.0066
66   -1.64583   -76.255   27.250   973.4   45.120   1.010   1013.0   0.0283   -0.0061
67   -1.62500   -76.300   27.330   973.4   45.240   1.010   1013.0   0.0297   -0.0059
68   -1.60417   -76.345   27.415   973.4   45.370   1.005   1013.0   0.0335   -0.0060
69   -1.58333   -76.390   27.500   973.4   45.500   1.000   1013.0   0.0358   -0.0058
70   -1.56250   -76.430   27.580   973.4   45.625   1.000   1013.0   0.0364   -0.0046
71   -1.54167   -76.470   27.660   973.4   45.750   1.000   1013.0   0.0379   -0.0036
72   -1.52083   -76.515   27.745   973.4   45.885   1.000   1013.0   0.0379   -0.0040
73   -1.50000   -76.560   27.830   973.4   46.020   1.000   1013.0   0.0381   -0.0057
74   -1.47917   -76.605   27.915   973.4   46.150   0.995   1013.0   0.0382   -0.0072
75   -1.45833   -76.650   28.000   973.4   46.280   0.990   1013.0   0.0379   -0.0086
76   -1.43750   -76.690   28.080   973.4   46.410   0.990   1013.0   0.0375   -0.0094
77   -1.41667   -76.730   28.160   973.4   46.540   0.990   1013.0   0.0388   -0.0084
78   -1.39583   -76.775   28.240   973.4   46.680   0.985   1013.0   0.0397   -0.0056
79   -1.37500   -76.820   28.320   973.4   46.820   0.980   1013.0   0.0388   -0.0042
80   -1.35417   -76.860   28.405   973.4   46.960   0.980   1013.0   0.0392   -0.0046
81   -1.33333   -76.900   28.490   973.4   47.100   0.980   1013.0   0.0392   -0.0067
82   -1.31250   -76.905   28.580   973.4   47.250   0.980   1013.0   0.0383   -0.0091
83   -1.29167   -76.910   28.670   973.4   47.400   0.980   1013.0   0.0379   -0.0113
84   -1.27083   -76.915   28.760   973.4   47.550   0.975   1013.0   0.0374   -0.0126
85   -1.25000   -76.920   28.850   973.4   47.700   0.970   1013.0   0.0360   -0.0114
86   -1.22917   -76.925   28.945   973.4   47.865   0.970   1013.0   0.0371   -0.0089
87   -1.20833   -76.930   29.040   973.4   48.030   0.970   1013.0   0.0367   -0.0073
88   -1.18750   -76.940   29.135   973.4   48.195   0.965   1013.0   0.0361   -0.0085
89   -1.16667   -76.950   29.230   973.4   48.360   0.960   1013.0   0.0362   -0.0096
90   -1.14583   -76.955   29.320   973.4   48.520   0.960   1013.0   0.0402   -0.0097
91   -1.12500   -76.960   29.410   973.4   48.680   0.960   1013.0   0.0443   -0.0092
92   -1.10417   -76.965   29.505   973.4   48.850   0.960   1013.0   0.0488   -0.0074
93   -1.08333   -76.970   29.600   973.4   49.020   0.960   1013.0   0.0526   -0.0062
94   -1.06250   -76.975   29.695   973.4   49.190   0.955   1013.0   0.0547   -0.0050
95   -1.04167   -76.980   29.790   973.4   49.360   0.950   1013.0   0.0544   -0.0055
96   -1.02083   -76.985   29.885   973.4   49.535   0.950   1013.0   0.0546   -0.0062
97   -1.00000   -76.990   29.980   973.4   49.710   0.950   1013.0   0.0574   -0.0071
98   -0.97917   -77.000   30.075   973.4   49.885   0.945   1013.0   0.0616   -0.0077
99   -0.95833   -77.010   30.170   973.4   50.060   0.940   1013.0   0.0680   -0.0072
100   -0.93750   -77.015   30.265   973.5   50.250   0.940   1013.0   0.0701   -0.0055
101   -0.91667   -77.020   30.360   973.5   50.440   0.940   1013.0   0.0721   -0.0052
102   -0.89583   -77.020   30.455   973.6   50.635   0.935   1013.0   0.0760   -0.0040
103   -0.87500   -77.020   30.550   973.7   50.830   0.930   1013.0   0.0817   -0.0035
104   -0.85417   -77.020   30.645   973.7   51.030   0.930   1013.0   0.0876   -0.0033
105   -0.83333   -77.020   30.740   973.8   51.230   0.930   1013.0   0.0909   -0.0050
106   -0.81250   -77.015   30.840   973.9   51.440   0.925   1013.0   0.0960   -0.0059
107   -0.79167   -77.010   30.940   974.0   51.650   0.920   1013.0   0.1002   -0.0064
108   -0.77083   -77.010   31.035   974.0   51.850   0.920   1013.0   0.1049   -0.0064
109   -0.75000   -77.010   31.130   974.1   52.050   0.920   1013.0   0.1129   -0.0047
110   -0.72917   -77.010   31.230   974.2   52.270   0.915   1013.0   0.1219   -0.0029
111   -0.70833   -77.010   31.330   974.3   52.490   0.910   1013.0   0.1315   -0.0014
112   -0.68750   -77.010   31.430   974.3   52.710   0.910   1013.0   0.1421   0.0002
113   -0.66667   -77.010   31.530   974.4   52.930   0.910   1013.0   0.1502   0.0009
114   -0.64583   -77.005   31.625   974.5   53.140   0.905   1013.0   0.1633   0.0019
115   -0.62500   -77.000   31.720   974.6   53.350   0.900   1013.0   0.1776   0.0016
116   -0.60417   -77.000   31.825   974.6   53.585   0.900   1013.0   0.1884   0.0018
117   -0.58333   -77.000   31.930   974.7   53.820   0.900   1013.0   0.1981   0.0020
118   -0.56250   -77.000   32.030   974.8   54.050   0.895   1013.0   0.2093   0.0033
119   -0.54167   -77.000   32.130   974.9   54.280   0.890   1013.0   0.2222   0.0046
120   -0.52083   -76.995   32.230   974.9   54.510   0.890   1013.0   0.2375   0.0068
121   -0.50000   -76.990   32.330   975.0   54.740   0.890   1013.0   0.2609   0.0095
122   -0.47917   -76.990   32.435   975.1   54.990   0.885   1013.0   0.2803   0.0114
123   -0.45833   -76.990   32.540   975.2   55.240   0.880   1013.0   0.2986   0.0130
124   -0.43750   -76.985   32.645   975.2   55.490   0.880   1013.0   0.3214   0.0145
125   -0.41667   -76.980   32.750   975.3   55.740   0.880   1013.0   0.3456   0.0137
126   -0.39583   -76.960   32.850   975.4   55.985   0.875   1013.0   0.3693   0.0130
127   -0.37500   -76.940   32.950   975.5   56.230   0.870   1013.0   0.3931   0.0135
128   -0.35417   -76.915   33.055   975.5   56.485   0.870   1013.0   0.4171   0.0153
129   -0.33333   -76.890   33.160   975.6   56.740   0.870   1013.0   0.4430   0.0185
130   -0.31250   -76.865   33.265   975.7   57.005   0.865   1013.0   0.4627   0.0238
131   -0.29167   -76.840   33.370   975.8   57.270   0.860   1013.0   0.4761   0.0273
132   -0.27083   -76.820   33.475   975.8   57.530   0.860   1013.0   0.4945   0.0311
133   -0.25000   -76.800   33.580   975.9   57.790   0.860   1013.0   0.5031   0.0363
134   -0.22917   -76.775   33.685   976.0   58.065   0.855   1013.0   0.5007   0.0422
135   -0.20833   -76.750   33.790   976.1   58.340   0.850   1013.0   0.4855   0.0482
136   -0.18750   -76.725   33.905   976.1   58.635   0.845   1013.0   0.4597   0.0553
137   -0.16667   -76.700   34.020   976.2   58.930   0.840   1013.0   0.4186   0.0643
138   -0.14583   -76.680   34.125   976.3   59.215   0.840   1013.0   0.3606   0.0745
139   -0.12500   -76.660   34.230   976.4   59.500   0.840   1013.0   0.2909   0.0841
140   -0.10417   -76.635   34.345   976.4   59.800   0.835   1013.0   0.2106   0.0930
141   -0.08333   -76.610   34.460   976.5   60.100   0.830   1013.0   0.1271   0.1016
142   -0.06250   -76.585   34.570   976.6   60.405   0.830   1013.0   0.0460   0.1106
143   -0.04167   -76.560   34.680   976.7   60.710   0.830   1013.0   -0.0377   0.1208
144   -0.02083   -76.520   34.795   976.7   61.020   0.825   1013.0   -0.1270   0.1315
145   0.00000   -76.480   34.910   976.8   61.330   0.820   1013.0   -0.2090   0.1380
146   0.02083   -76.415   35.005   976.9   61.610   0.815   1013.0   -0.2649   0.1452
147   0.04167   -76.350   35.100   977.0   61.890   0.810   1013.0   -0.2999   0.1587
148   0.06250   -76.275   35.210   977.6   62.305   0.810   1013.0   -0.3338   0.1797
149   0.08333   -76.200   35.320   978.2   62.720   0.810   1013.0   -0.3541   0.2055
150   0.10417   -76.125   35.420   979.0   63.160   0.805   1013.0   -0.3497   0.2342
151   0.12500   -76.050   35.520   979.8   63.600   0.800   1013.0   -0.3337   0.2585
152   0.14583   -75.975   35.625   980.5   64.040   0.800   1013.0   -0.2982   0.2744
153   0.16667   -75.900   35.730   981.3   64.480   0.800   1013.0   -0.2736   0.2788
154   0.18750   -75.825   35.840   982.0   64.920   0.795   1013.0   -0.2598   0.2788
155   0.20833   -75.750   35.950   982.7   65.360   0.790   1013.0   -0.2600   0.2652
156   0.22917   -75.675   36.060   983.4   65.805   0.790   1013.0   -0.2740   0.2308
157   0.25000   -75.600   36.170   984.1   66.250   0.790   1013.0   -0.2934   0.1802
158   0.27083   -75.520   36.280   984.7   66.695   0.785   1013.0   -0.3165   0.0868
159   0.29167   -75.440   36.390   985.3   67.140   0.780   1013.0   -0.3292   -0.0238
160   0.31250   -75.360   36.505   986.0   67.595   0.780   1013.0   -0.3294   -0.1086
161   0.33333   -75.280   36.620   986.6   68.050   0.780   1013.0   -0.3196   -0.1647
162   0.35417   -75.205   36.730   987.2   68.490   0.775   1013.0   -0.3038   -0.1977
163   0.37500   -75.130   36.840   987.8   68.930   0.770   1013.0   -0.2909   -0.2098
164   0.39583   -75.045   36.960   988.3   69.395   0.770   1013.0   -0.2761   -0.2078
165   0.41667   -74.960   37.080   988.9   69.860   0.770   1013.0   -0.2576   -0.2018
166   0.43750   -74.875   37.195   989.4   70.320   0.765   1013.0   -0.2425   -0.1941
167   0.45833   -74.790   37.310   990.0   70.780   0.760   1013.0   -0.2325   -0.1886
168   0.47917   -74.700   37.425   990.5   71.240   0.760   1013.0   -0.2278   -0.1801
169   0.50000   -74.610   37.540   991.0   71.700   0.760   1013.0   -0.2262   -0.1689
170   0.52083   -74.520   37.660   991.5   72.175   0.760   1013.0   -0.2258   -0.1565
171   0.54167   -74.430   37.780   992.0   72.650   0.760   1013.0   -0.2261   -0.1430
172   0.56250   -74.340   37.900   992.5   73.130   0.755   1013.0   -0.2267   -0.1256
173   0.58333   -74.250   38.020   993.0   73.610   0.750   1013.0   -0.2257   -0.1056
174   0.60417   -74.160   38.145   993.4   74.105   0.750   1013.0   -0.2189   -0.0899
175   0.62500   -74.070   38.270   993.9   74.600   0.750   1013.0   -0.2060   -0.0806
176   0.64583   -73.975   38.400   994.3   75.115   0.745   1013.0   -0.1926   -0.0757
177   0.66667   -73.975   38.400   994.3   75.115   0.745   1013.0   -0.1926   -0.0757
178   0.68750   -73.975   38.400   994.3   75.115   0.745   1013.0   -0.1926   -0.0757
179   0.70833   -73.975   38.400   994.3   75.115   0.745   1013.0   -0.1926   -0.0757
180   0.72917   -73.975   38.400   994.3   75.115   0.745   1013.0   -0.1926   -0.0757
181   0.75000   -73.975   38.400   994.3   75.115   0.745   1013.0   -0.1926   -0.0757
182   0.77083   -73.975   38.400   994.3   75.115   0.745   1013.0   -0.1926   -0.0757
183   0.79167   -73.975   38.400   994.3   75.115   0.745   1013.0   -0.1926   -0.0757
184   0.81250   -73.975   38.400   994.3   75.115   0.745   1013.0   -0.1926   -0.0757
185   0.83333   -73.975   38.400   994.3   75.115   0.745   1013.0   -0.1926   -0.0757
186   0.85417   -73.975   38.400   994.3   75.115   0.745   1013.0   -0.1926   -0.0757
187   0.87500   -73.975   38.400   994.3   75.115   0.745   1013.0   -0.1926   -0.0757
188   0.89583   -73.975   38.400   994.3   75.115   0.745   1013.0   -0.1926   -0.0757
189   0.91667   -73.975   38.400   994.3   75.115   0.745   1013.0   -0.1926   -0.0757
190   0.93750   -73.975   38.400   994.3   75.115   0.745   1013.0   -0.1926   -0.0757
191   0.95833   -73.975   38.400   994.3   75.115   0.745   1013.0   -0.1926   -0.0757
192   0.97917   -73.975   38.400   994.3   75.115   0.745   1013.0   -0.1926   -0.0757
193   1.00000   -73.975   38.400   994.3   75.115   0.745   1013.0   -0.1926   -0.0757
