1   -3.00000   -74.900   28.850   973.4   81.600   1.320   1013.0   0.0442   0.0132
2   -2.97917   -74.920   28.880   973.4   81.685   1.320   1013.0   0.0451   0.0126
3   -2.95833   -74.940   28.910   973.4   81.770   1.320   1013.0   0.0421   0.0127
4   -2.93750   -74.960   28.945   973.4   81.865   1.320   1013.0   0.0398   0.0123
5   -2.91667   -74.980   28.980   973.4   81.960   1.320   1013.0   0.0400   0.0133
6   -2.89583   -75.005   29.010   973.4   82.060   1.320   1013.0   0.0400   0.0150
7   -2.87500   -75.030   29.040   973.4   82.160   1.320   1013.0   0.0423   0.0151
8   -2.85417   -75.050   29.075   973.4   82.255   1.315   1013.0   0.0456   0.0148
9   -2.83333   -75.070   29.110   973.4   82.350   1.310   1013.0   0.0476   0.0149
10   -2.81250   -75.095   29.145   973.4   82.450   1.310   1013.0   0.0511   0.0153
11   -2.79167   -75.120   29.180   973.4   82.550   1.310   1013.0   0.0547   0.0164
12   -2.77083   -75.140   29.210   973.4   82.650   1.310   1013.0   0.0564   0.0175
13   -2.75000   -75.160   29.240   973.4   82.750   1.310   1013.0   0.0578   0.0176
14   -2.72917   -75.180   29.270   973.4   82.835   1.310   1013.0   0.0598   0.0168
15   -2.70833   -75.200   29.300   973.4   82.920   1.310   1013.0   0.0603   0.0161
16   -2.68750   -75.225   29.330   973.4   83.020   1.310   1013.0   0.0596   0.0161
17   -2.66667   -75.250   29.360   973.4   83.120   1.310   1013.0   0.0598   0.0171
18   -2.64583   -75.275   29.395   973.4   83.220   1.305   1013.0   0.0602   0.0187
19   -2.62500   -75.300   29.430   973.4   83.320   1.300   1013.0   0.0608   0.0192
20   -2.60417   -75.320   29.465   973.4   83.420   1.300   1013.0   0.0626   0.0187
21   -2.58333   -75.340   29.500   973.4   83.520   1.300   1013.0   0.0632   0.0179
22   -2.56250   -75.365   29.530   973.4   83.620   1.300   1013.0   0.0641   0.0177
23   -2.54167   -75.390   29.560   973.4   83.720   1.300   1013.0   0.0673   0.0180
24   -2.52083   -75.410   29.595   973.4   83.820   1.300   1013.0   0.0712   0.0181
25   -2.50000   -75.430   29.630   973.4   83.920   1.300   1013.0   0.0732   0.0182
26   -2.47917   -75.455   29.660   973.4   84.025   1.300   1013.0   0.0738   0.0181
27   -2.45833   -75.480   29.690   973.4   84.130   1.300   1013.0   0.0766   0.0191
28   -2.43750   -75.500   29.725   973.4   84.230   1.295   1013.0   0.0790   0.0205
29   -2.41667   -75.520   29.760   973.4   84.330   1.290   1013.0   0.0811   0.0213
30   -2.39583   -75.545   29.790   973.4   84.435   1.290   1013.0   0.0842   0.0214
31   -2.37500   -75.570   29.820   973.4   84.540   1.290   1013.0   0.0845   0.0217
32   -2.35417   -75.590   29.855   973.4   84.640   1.290   1013.0   0.0860   0.0230
33   -2.33333   -75.610   29.890   973.4   84.740   1.290   1013.0   0.0899   0.0239
34   -2.31250   -75.635   29.925   973.4   84.845   1.290   1013.0   0.0926   0.0235
35   -2.29167   -75.660   29.960   973.4   84.950   1.290   1013.0   0.0940   0.0226
36   -2.27083   -75.680   29.990   973.4   85.055   1.290   1013.0   0.0963   0.0224
37   -2.25000   -75.700   30.020   973.4   85.160   1.290   1013.0   0.0991   0.0227
38   -2.22917   -75.725   30.055   973.4   85.265   1.285   1013.0   0.1002   0.0230
39   -2.20833   -75.750   30.090   973.4   85.370   1.280   1013.0   0.1027   0.0243
40   -2.18750   -75.775   30.120   973.4   85.475   1.280   1013.0   0.1056   0.0251
41   -2.16667   -75.800   30.150   973.4   85.580   1.280   1013.0   0.1057   0.0249
42   -2.14583   -75.820   30.185   973.4   85.685   1.280   1013.0   0.1075   0.0252
43   -2.12500   -75.840   30.220   973.4   85.790   1.280   1013.0   0.1136   0.0258
44   -2.10417   -75.865   30.255   973.4   85.895   1.280   1013.0   0.1183   0.0262
45   -2.08333   -75.890   30.290   973.4   86.000   1.280   1013.0   0.1203   0.0267
46   -2.06250   -75.910   30.320   973.4   86.105   1.280   1013.0   0.1247   0.0274
47   -2.04167   -75.930   30.350   973.4   86.210   1.280   1013.0   0.1291   0.0280
48   -2.02083   -75.955   30.390   973.4   86.330   1.275   1013.0   0.1319   0.0288
49   -2.00000   -75.980   30.430   973.4   86.450   1.270   1013.0   0.1369   0.0296
50   -1.97917   -76.005   30.460   973.4   86.560   1.270   1013.0   0.1401   0.0295
51   -1.95833   -76.030   30.490   973.4   86.670   1.270   1013.0   0.1403   0.0296
52   -1.93750   -76.050   30.525   973.4   86.775   1.270   1013.0   0.1438   0.0305
53   -1.91667   -76.070   30.560   973.4   86.880   1.270   1013.0   0.1511   0.0315
54   -1.89583   -76.095   30.590   973.4   86.990   1.270   1013.0   0.1538   0.0318
55   -1.87500   -76.120   30.620   973.4   87.100   1.270   1013.0   0.1539   0.0320
56   -1.85417   -76.145   30.655   973.4   87.210   1.270   1013.0   0.1597   0.0331
57   -1.83333   -76.170   30.690   973.4   87.320   1.270   1013.0   0.1666   0.0334
58   -1.81250   -76.190   30.720   973.4   87.430   1.265   1013.0   0.1705   0.0327
59   -1.79167   -76.210   30.750   973.4   87.540   1.260   1013.0   0.1737   0.0319
60   -1.77083   -76.235   30.790   973.4   87.665   1.260   1013.0   0.1773   0.0324
61   -1.75000   -76.260   30.830   973.4   87.790   1.260   1013.0   0.1832   0.0341
62   -1.72917   -76.285   30.860   973.4   87.900   1.260   1013.0   0.1922   0.0355
63   -1.70833   -76.310   30.890   973.4   88.010   1.260   1013.0   0.1968   0.0362
64   -1.68750   -76.330   30.925   973.4   88.120   1.260   1013.0   0.1980   0.0370
65   -1.66667   -76.350   30.960   973.4   88.230   1.260   1013.0   0.2053   0.0375
66   -1.64583   -76.375   30.995   973.4   88.355   1.255   1013.0   0.2137   0.0384
67   -1.62500   -76.400   31.030   973.4   88.480   1.250   1013.0   0.2183   0.0404
68   -1.60417   -76.425   31.065   973.4   88.590   1.250   1013.0   0.2250   0.0408
69   -1.58333   -76.450   31.100   973.4   88.700   1.250   1013.0   0.2332   0.0400
70   -1.56250   -76.475   31.135   973.4   88.815   1.250   1013.0   0.2386   0.0403
71   -1.54167   -76.500   31.170   973.4   88.930   1.250   1013.0   0.2455   0.0412
72   -1.52083   -76.525   31.205   973.4   89.060   1.250   1013.0   0.2530   0.0415
73   -1.50000   -76.550   31.240   973.4   89.190   1.250   1013.0   0.2579   0.0420
74   -1.47917   -76.570   31.270   973.4   89.300   1.250   1013.0   0.2659   0.0429
75   -1.45833   -76.590   31.300   973.4   89.410   1.250   1013.0   0.2747   0.0431
76   -1.43750   -76.615   31.335   973.4   89.525   1.245   1013.0   0.2804   0.0433
77   -1.41667   -76.640   31.370   973.4   89.640   1.240   1013.0   0.2859   0.0445
78   -1.39583   -76.665   31.405   973.4   89.770   1.240   1013.0   0.2939   0.0455
79   -1.37500   -76.690   31.440   973.4   89.900   1.240   1013.0   0.3012   0.0458
80   -1.35417   -76.710   31.475   973.4   90.015   1.240   1013.0   0.3094   0.0465
81   -1.33333   -76.730   31.510   973.4   90.130   1.240   1013.0   0.3201   0.0472
82   -1.31250   -76.760   31.545   973.4   90.260   1.240   1013.0   0.3298   0.0482
83   -1.29167   -76.790   31.580   973.4   90.390   1.240   1013.0   0.3406   0.0502
84   -1.27083   -76.810   31.615   973.4   90.510   1.235   1013.0   0.3529   0.0514
85   -1.25000   -76.830   31.650   973.4   90.630   1.230   1013.0   0.3621   0.0510
86   -1.22917   -76.855   31.685   973.4   90.760   1.230   1013.0   0.3702   0.0509
87   -1.20833   -76.880   31.720   973.4   90.890   1.230   1013.0   0.3804   0.0529
88   -1.18750   -76.905   31.760   973.4   91.025   1.230   1013.0   0.3912   0.0557
89   -1.16667   -76.930   31.800   973.4   91.160   1.230   1013.0   0.4024   0.0563
90   -1.14583   -76.955   31.830   973.4   91.270   1.230   1013.0   0.4132   0.0553
91   -1.12500   -76.980   31.860   973.4   91.380   1.230   1013.0   0.4261   0.0563
92   -1.10417   -77.010   31.895   973.4   91.510   1.230   1013.0   0.4391   0.0583
93   -1.08333   -77.040   31.930   973.4   91.640   1.230   1013.0   0.4522   0.0581
94   -1.06250   -77.065   31.965   973.4   91.770   1.225   1013.0   0.4660   0.0573
95   -1.04167   -77.090   32.000   973.4   91.900   1.220   1013.0   0.4783   0.0589
96   -1.02083   -77.115   32.035   973.4   92.020   1.220   1013.0   0.4947   0.0612
97   -1.00000   -77.140   32.070   973.4   92.140   1.220   1013.0   0.5127   0.0624
98   -0.97917   -77.170   32.105   973.5   92.290   1.220   1013.0   0.5289   0.0636
99   -0.95833   -77.200   32.140   973.5   92.440   1.220   1013.0   0.5454   0.0641
100   -0.93750   -77.225   32.175   973.6   92.595   1.220   1013.0   0.5619   0.0642
101   -0.91667   -77.250   32.210   973.7   92.750   1.220   1013.0   0.5784   0.0644
102   -0.89583   -77.280   32.245   973.7   92.910   1.215   1013.0   0.5960   0.0641
103   -0.87500   -77.310   32.280   973.8   93.070   1.210   1013.0   0.6132   0.0641
104   -0.85417   -77.330   32.315   973.9   93.210   1.210   1013.0   0.6313   0.0656
105   -0.83333   -77.350   32.350   974.0   93.350   1.210   1013.0   0.6507   0.0679
106   -0.81250   -77.380   32.385   974.0   93.510   1.210   1013.0   0.6712   0.0691
107   -0.79167   -77.410   32.420   974.1   93.670   1.210   1013.0   0.6921   0.0691
108   -0.77083   -77.435   32.455   974.2   93.830   1.210   1013.0   0.7143   0.0698
109   -0.75000   -77.460   32.490   974.3   93.990   1.210   1013.0   0.7376   0.0700
110   -0.72917   -77.490   32.525   974.3   94.150   1.205   1013.0   0.7615   0.0693
111   -0.70833   -77.520   32.560   974.4   94.310   1.200   1013.0   0.7876   0.0696
112   -0.68750   -77.545   32.595   974.5   94.475   1.200   1013.0   0.8142   0.0709
113   -0.66667   -77.570   32.630   974.6   94.640   1.200   1013.0   0.8400   0.0723
114   -0.64583   -77.600   32.665   974.6   94.800   1.200   1013.0   0.8660   0.0731
115   -0.62500   -77.630   32.700   974.7   94.960   1.200   1013.0   0.8944   0.0743
116   -0.60417   -77.655   32.735   974.8   95.125   1.195   1013.0   0.9238   0.0753
117   -0.58333   -77.680   32.770   974.9   95.290   1.190   1013.0   0.9528   0.0753
118   -0.56250   -77.710   32.810   974.9   95.450   1.190   1013.0   0.9820   0.0737
119   -0.54167   -77.740   32.850   975.0   95.610   1.190   1013.0   1.0107   0.0732
120   -0.52083   -77.765   32.885   975.1   95.775   1.190   1013.0   1.0409   0.0743
121   -0.50000   -77.790   32.920   975.2   95.940   1.190   1013.0   1.0739   0.0760
122   -0.47917   -77.820   32.955   975.2   96.105   1.190   1013.0   1.1097   0.0776
123   -0.45833   -77.850   32.990   975.3   96.270   1.190   1013.0   1.1422   0.0781
124   -0.43750   -77.880   33.030   975.4   96.455   1.185   1013.0   1.1701   0.0778
125   -0.41667   -77.910   33.070   975.5   96.640   1.180   1013.0   1.1986   0.0775
126   -0.39583   -77.935   33.105   975.5   96.805   1.180   1013.0   1.2261   0.0764
127   -0.37500   -77.960   33.140   975.6   96.970   1.180   1013.0   1.2476   0.0760
128   -0.35417   -77.990   33.175   975.7   97.140   1.180   1013.0   1.2682   0.0753
129   -0.33333   -78.020   33.210   975.8   97.310   1.180   1013.0   1.2856   0.0752
130   -0.31250   -78.045   33.245   975.8   97.475   1.175   1013.0   1.2991   0.0759
131   -0.29167   -78.070   33.280   975.9   97.640   1.170   1013.0   1.3113   0.0770
132   -0.27083   -78.100   33.320   976.0   97.830   1.170   1013.0   1.3194   0.0778
133   -0.25000   -78.130   33.360   976.1   98.020   1.170   1013.0   1.3268   0.0774
134   -0.22917   -78.160   33.395   976.1   98.190   1.170   1013.0   1.3347   0.0773
135   -0.20833   -78.190   33.430   976.2   98.360   1.170   1013.0   1.3374   0.0769
136   -0.18750   -78.215   33.470   976.3   98.530   1.170   1013.0   1.3370   0.0753
137   -0.16667   -78.240   33.510   976.4   98.700   1.170   1013.0   1.3365   0.0743
138   -0.14583   -78.270   33.550   976.4   98.890   1.165   1013.0   1.3312   0.0731
139   -0.12500   -78.300   33.590   976.5   99.080   1.160   1013.0   1.3150   0.0730
140   -0.10417   -78.325   33.625   976.6   99.260   1.160   1013.0   1.2899   0.0741
141   -0.08333   -78.350   33.660   976.7   99.440   1.160   1013.0   1.2577   0.0730
142   -0.06250   -78.375   33.700   976.7   99.625   1.160   1013.0   1.2243   0.0708
143   -0.04167   -78.400   33.740   976.8   99.810   1.160   1013.0   1.1937   0.0695
144   -0.02083   -78.425   33.780   976.9   100.010   1.155   1013.0   1.1629   0.0693
145   0.00000   -78.450   33.820   977.0   100.210   1.150   1013.0   1.1294   0.0689
146   0.02083   -78.475   33.860   977.9   100.675   1.145   1013.0   1.0834   0.0672
147   0.04167   -78.500   33.900   978.8   101.140   1.140   1013.0   1.0241   0.0650
148   0.06250   -78.525   33.940   980.0   101.670   1.130   1013.0   0.9525   0.0627
149   0.08333   -78.550   33.980   981.1   102.200   1.120   1013.0   0.8729   0.0582
150   0.10417   -78.575   34.020   982.2   102.680   1.110   1013.0   0.7866   0.0515
151   0.12500   -78.600   34.060   983.3   103.160   1.100   1013.0   0.6894   0.0458
152   0.14583   -78.630   34.100   984.3   103.615   1.095   1013.0   0.5911   0.0412
153   0.16667   -78.660   34.140   985.3   104.070   1.090   1013.0   0.4990   0.0358
154   0.18750   -78.685   34.180   986.2   104.480   1.080   1013.0   0.4159   0.0302
155   0.20833   -78.710   34.220   987.1   104.890   1.070   1013.0   0.3521   0.0258
156   0.22917   -78.735   34.260   988.0   105.285   1.060   1013.0   0.3058   0.0216
157   0.25000   -78.760   34.300   988.9   105.680   1.050   1013.0   0.2745   0.0189
158   0.27083   -78.785   34.340   989.7   106.055   1.045   1013.0   0.2563   0.0184
159   0.29167   -78.810   34.380   990.5   106.430   1.040   1013.0   0.2440   0.0171
160   0.31250   -78.835   34.420   991.2   106.765   1.030   1013.0   0.2290   0.0164
161   0.33333   -78.860   34.460   992.0   107.100   1.020   1013.0   0.2055   0.0147
162   0.35417   -78.890   34.500   992.7   107.435   1.010   1013.0   0.1740   0.0123
163   0.37500   -78.920   34.540   993.4   107.770   1.000   1013.0   0.1372   0.0106
164   0.39583   -78.945   34.585   994.1   108.090   0.995   1013.0   0.0989   0.0097
165   0.41667   -78.970   34.630   994.7   108.410   0.990   1013.0   0.0655   0.0086
166   0.43750   -79.000   34.670   995.3   108.715   0.980   1013.0   0.0403   0.0064
167   0.45833   -79.030   34.710   995.9   109.020   0.970   1013.0   0.0230   0.0050
168   0.47917   -79.055   34.755   996.5   109.310   0.965   1013.0   0.0160   0.0041
169   0.50000   -79.080   34.800   997.1   109.600   0.960   1013.0   0.0137   0.0017
170   0.52083   -79.105   34.840   997.6   109.885   0.950   1013.0   0.0123   -0.0003
171   0.54167   -79.130   34.880   998.2   110.170   0.940   1013.0   0.0115   -0.0013
172   0.56250   -79.160   34.920   998.7   110.440   0.935   1013.0   0.0107   -0.0024
173   0.58333   -79.190   34.960   999.1   110.710   0.930   1013.0   0.0049   -0.0037
174   0.60417   -79.215   35.005   999.6   110.980   0.920   1013.0   -0.0050   -0.0043
175   0.62500   -79.240   35.050   1000.1   111.250   0.910   1013.0   -0.0166   -0.0042
176   0.64583   -79.270   35.090   1000.5   111.510   0.905   1013.0   -0.0290   -0.0039
177   0.66667   -79.300   35.130   1001.0   111.770   0.900   1013.0   -0.0391   -0.0045
178   0.68750   -79.325   35.175   1001.4   112.020   0.895   1013.0   -0.0451   -0.0047
179   0.70833   -79.350   35.220   1001.8   112.270   0.890   1013.0   -0.0474   -0.0046
180   0.72917   -79.380   35.265   1002.1   112.540   0.880   1013.0   -0.0464   -0.0044
181   0.75000   -79.410   35.310   1002.5   112.810   0.870   1013.0   -0.0427   -0.0041
182   0.77083   -79.435   35.350   1002.9   113.055   0.865   1013.0   -0.0385   -0.0043
183   0.79167   -79.460   35.390   1003.2   113.300   0.860   1013.0   -0.0365   -0.0046
184   0.81250   -79.490   35.435   1003.5   113.545   0.850   1013.0   -0.0380   -0.0048
185   0.83333   -79.520   35.480   1003.9   113.790   0.840   1013.0   -0.0421   -0.0046
186   0.85417   -79.550   35.525   1004.2   114.050   0.835   1013.0   -0.0473   -0.0047
187   0.87500   -79.580   35.570   1004.5   114.310   0.830   1013.0   -0.0536   -0.0058
188   0.89583   -79.605   35.610   1004.8   114.545   0.825   1013.0   -0.0593   -0.0073
189   0.91667   -79.630   35.650   1005.1   114.780   0.820   1013.0   -0.0631   -0.0078
190   0.93750   -79.660   35.700   1005.3   115.040   0.815   1013.0   -0.0642   -0.0070
191   0.95833   -79.690   35.750   1005.6   115.300   0.810   1013.0   -0.0622   -0.0062
192   0.97917   -79.720   35.790   1005.8   115.535   0.800   1013.0   -0.0577   -0.0066
193   1.00000   -79.750   35.830   1006.1   115.770   0.790   1013.0   -0.0533   -0.0077
