1   -3.00000   -70.610   23.140   973.4   23.200   1.180   1013.0   0.0017   -0.0028
2   -2.97917   -70.690   23.200   973.4   23.235   1.180   1013.0   0.0003   -0.0034
3   -2.95833   -70.770   23.260   973.4   23.270   1.180   1013.0   0.0006   -0.0008
4   -2.93750   -70.845   23.315   973.4   23.310   1.180   1013.0   0.0003   0.0032
5   -2.91667   -70.920   23.370   973.4   23.350   1.180   1013.0   0.0004   0.0054
6   -2.89583   -70.995   23.425   973.4   23.390   1.180   1013.0   0.0007   0.0039
7   -2.87500   -71.070   23.480   973.4   23.430   1.180   1013.0   0.0010   0.0001
8   -2.85417   -71.150   23.535   973.4   23.465   1.180   1013.0   0.0029   -0.0022
9   -2.83333   -71.230   23.590   973.4   23.500   1.180   1013.0   0.0057   -0.0010
10   -2.81250   -71.305   23.650   973.4   23.540   1.175   1013.0   0.0042   0.0024
11   -2.79167   -71.380   23.710   973.4   23.580   1.170   1013.0   -0.0004   0.0050
12   -2.77083   -71.455   23.765   973.4   23.620   1.170   1013.0   -0.0019   0.0057
13   -2.75000   -71.530   23.820   973.4   23.660   1.170   1013.0   0.0021   0.0030
14   -2.72917   -71.605   23.875   973.4   23.700   1.170   1013.0   0.0061   -0.0009
15   -2.70833   -71.680   23.930   973.4   23.740   1.170   1013.0   0.0057   -0.0028
16   -2.68750   -71.755   23.985   973.4   23.780   1.170   1013.0   0.0021   -0.0015
17   -2.66667   -71.830   24.040   973.4   23.820   1.170   1013.0   0.0020   0.0017
18   -2.64583   -71.905   24.100   973.4   23.860   1.170   1013.0   0.0019   0.0042
19   -2.62500   -71.980   24.160   973.4   23.900   1.170   1013.0   -0.0027   0.0051
20   -2.60417   -72.050   24.220   973.4   23.945   1.165   1013.0   -0.0044   0.0029
21   -2.58333   -72.120   24.280   973.4   23.990   1.160   1013.0   0.0003   0.0003
22   -2.56250   -72.195   24.340   973.4   24.035   1.160   1013.0   0.0043   -0.0007
23   -2.54167   -72.270   24.400   973.4   24.080   1.160   1013.0   0.0054   -0.0003
24   -2.52083   -72.340   24.465   973.4   24.125   1.160   1013.0   0.0039   0.0012
25   -2.50000   -72.410   24.530   973.4   24.170   1.160   1013.0   0.0025   0.0033
26   -2.47917   -72.485   24.590   973.4   24.215   1.160   1013.0   0.0049   0.0037
27   -2.45833   -72.560   24.650   973.4   24.260   1.160   1013.0   0.0057   0.0027
28   -2.43750   -72.625   24.710   973.4   24.305   1.160   1013.0   0.0038   0.0018
29   -2.41667   -72.690   24.770   973.4   24.350   1.160   1013.0   0.0009   0.0016
30   -2.39583   -72.765   24.830   973.4   24.395   1.155   1013.0   -0.0010   0.0022
31   -2.37500   -72.840   24.890   973.4   24.440   1.150   1013.0   0.0003   0.0026
32   -2.35417   -72.910   24.955   973.4   24.485   1.150   1013.0   0.0016   0.0016
33   -2.33333   -72.980   25.020   973.4   24.530   1.150   1013.0   0.0042   0.0002
34   -2.31250   -73.050   25.080   973.4   24.580   1.150   1013.0   0.0056   -0.0002
35   -2.29167   -73.120   25.140   973.4   24.630   1.150   1013.0   0.0038   0.0011
36   -2.27083   -73.195   25.200   973.4   24.675   1.150   1013.0   0.0031   0.0043
37   -2.25000   -73.270   25.260   973.4   24.720   1.150   1013.0   0.0043   0.0069
38   -2.22917   -73.340   25.325   973.4   24.770   1.150   1013.0   0.0019   0.0059
39   -2.20833   -73.410   25.390   973.4   24.820   1.150   1013.0   -0.0011   0.0020
40   -2.18750   -73.475   25.450   973.4   24.870   1.145   1013.0   0.0009   -0.0019
41   -2.16667   -73.540   25.510   973.4   24.920   1.140   1013.0   0.0047   -0.0029
42   -2.14583   -73.610   25.575   973.4   24.970   1.140   1013.0   0.0063   -0.0012
43   -2.12500   -73.680   25.640   973.4   25.020   1.140   1013.0   0.0058   0.0024
44   -2.10417   -73.745   25.710   973.4   25.075   1.140   1013.0   0.0039   0.0065
45   -2.08333   -73.810   25.780   973.4   25.130   1.140   1013.0   0.0026   0.0078
46   -2.06250   -73.880   25.845   973.4   25.185   1.140   1013.0   0.0031   0.0059
47   -2.04167   -73.950   25.910   973.4   25.240   1.140   1013.0   0.0025   0.0032
48   -2.02083   -74.010   25.975   973.4   25.290   1.135   1013.0   0.0017   0.0002
49   -2.00000   -74.070   26.040   973.4   25.340   1.130   1013.0   0.0044   -0.0017
50   -1.97917   -74.140   26.105   973.4   25.395   1.130   1013.0   0.0069   -0.0007
51   -1.95833   -74.210   26.170   973.4   25.450   1.130   1013.0   0.0066   0.0025
52   -1.93750   -74.275   26.240   973.4   25.505   1.130   1013.0   0.0054   0.0056
53   -1.91667   -74.340   26.310   973.4   25.560   1.130   1013.0   0.0038   0.0060
54   -1.89583   -74.410   26.375   973.4   25.620   1.130   1013.0   0.0017   0.0040
55   -1.87500   -74.480   26.440   973.4   25.680   1.130   1013.0   0.0028   0.0031
56   -1.85417   -74.545   26.510   973.4   25.735   1.125   1013.0   0.0054   0.0033
57   -1.83333   -74.610   26.580   973.4   25.790   1.120   1013.0   0.0059   0.0026
58   -1.81250   -74.680   26.645   973.4   25.845   1.120   1013.0   0.0054   0.0019
59   -1.79167   -74.750   26.710   973.4   25.900   1.120   1013.0   0.0057   0.0022
60   -1.77083   -74.815   26.775   973.4   25.960   1.120   1013.0   0.0081   0.0030
61   -1.75000   -74.880   26.840   973.4   26.020   1.120   1013.0   0.0112   0.0038
62   -1.72917   -74.950   26.910   973.4   26.080   1.120   1013.0   0.0140   0.0037
63   -1.70833   -75.020   26.980   973.4   26.140   1.120   1013.0   0.0156   0.0039
64   -1.68750   -75.085   27.045   973.4   26.195   1.120   1013.0   0.0196   0.0052
65   -1.66667   -75.150   27.110   973.4   26.250   1.120   1013.0   0.0215   0.0059
66   -1.64583   -75.210   27.180   973.4   26.310   1.115   1013.0   0.0209   0.0055
67   -1.62500   -75.270   27.250   973.4   26.370   1.110   1013.0   0.0191   0.0036
68   -1.60417   -75.325   27.325   973.4   26.440   1.110   1013.0   0.0195   0.0012
69   -1.58333   -75.380   27.400   973.4   26.510   1.110   1013.0   0.0219   0.0000
70   -1.56250   -75.440   27.475   973.4   26.580   1.110   1013.0   0.0208   0.0014
71   -1.54167   -75.500   27.550   973.4   26.650   1.110   1013.0   0.0209   0.0055
72   -1.52083   -75.555   27.630   973.4   26.720   1.105   1013.0   0.0205   0.0093
73   -1.50000   -75.610   27.710   973.4   26.790   1.100   1013.0   0.0205   0.0095
74   -1.47917   -75.665   27.785   973.4   26.860   1.100   1013.0   0.0191   0.0066
75   -1.45833   -75.720   27.860   973.4   26.930   1.100   1013.0   0.0196   0.0029
76   -1.43750   -75.775   27.935   973.4   27.005   1.100   1013.0   0.0227   0.0006
77   -1.41667   -75.830   28.010   973.4   27.080   1.100   1013.0   0.0260   0.0009
78   -1.39583   -75.885   28.090   973.4   27.150   1.100   1013.0   0.0288   0.0036
79   -1.37500   -75.940   28.170   973.4   27.220   1.100   1013.0   0.0299   0.0078
80   -1.35417   -75.995   28.245   973.4   27.295   1.095   1013.0   0.0295   0.0119
81   -1.33333   -76.050   28.320   973.4   27.370   1.090   1013.0   0.0271   0.0135
82   -1.31250   -76.110   28.400   973.4   27.445   1.090   1013.0   0.0229   0.0110
83   -1.29167   -76.170   28.480   973.4   27.520   1.090   1013.0   0.0231   0.0069
84   -1.27083   -76.225   28.555   973.4   27.595   1.090   1013.0   0.0259   0.0036
85   -1.25000   -76.280   28.630   973.4   27.670   1.090   1013.0   0.0267   0.0034
86   -1.22917   -76.335   28.705   973.4   27.745   1.085   1013.0   0.0258   0.0054
87   -1.20833   -76.390   28.780   973.4   27.820   1.080   1013.0   0.0281   0.0092
88   -1.18750   -76.445   28.860   973.4   27.895   1.080   1013.0   0.0331   0.0114
89   -1.16667   -76.500   28.940   973.4   27.970   1.080   1013.0   0.0349   0.0089
90   -1.14583   -76.545   29.025   973.4   28.060   1.080   1013.0   0.0322   0.0043
91   -1.12500   -76.590   29.110   973.4   28.150   1.080   1013.0   0.0306   0.0004
92   -1.10417   -76.615   29.195   973.4   28.235   1.080   1013.0   0.0321   -0.0008
93   -1.08333   -76.640   29.280   973.4   28.320   1.080   1013.0   0.0323   -0.0008
94   -1.06250   -76.670   29.375   973.4   28.415   1.075   1013.0   0.0299   -0.0021
95   -1.04167   -76.700   29.470   973.4   28.510   1.070   1013.0   0.0267   -0.0023
96   -1.02083   -76.725   29.560   973.4   28.605   1.070   1013.0   0.0271   -0.0007
97   -1.00000   -76.750   29.650   973.4   28.700   1.070   1013.0   0.0285   0.0003
98   -0.97917   -76.780   29.740   973.4   28.800   1.070   1013.0   0.0288   -0.0018
99   -0.95833   -76.810   29.830   973.4   28.900   1.070   1013.0   0.0292   -0.0025
100   -0.93750   -76.835   29.920   973.5   29.005   1.065   1013.0   0.0335   -0.0025
101   -0.91667   -76.860   30.010   973.5   29.110   1.060   1013.0   0.0383   -0.0028
102   -0.89583   -76.890   30.105   973.6   29.220   1.060   1013.0   0.0414   -0.0040
103   -0.87500   -76.920   30.200   973.7   29.330   1.060   1013.0   0.0429   -0.0057
104   -0.85417   -76.945   30.295   973.8   29.440   1.055   1013.0   0.0460   -0.0058
105   -0.83333   -76.970   30.390   973.8   29.550   1.050   1013.0   0.0474   -0.0062
106   -0.81250   -77.000   30.480   973.9   29.660   1.050   1013.0   0.0502   -0.0056
107   -0.79167   -77.030   30.570   974.0   29.770   1.050   1013.0   0.0525   -0.0055
108   -0.77083   -77.055   30.665   974.1   29.890   1.050   1013.0   0.0527   -0.0056
109   -0.75000   -77.080   30.760   974.2   30.010   1.050   1013.0   0.0537   -0.0067
110   -0.72917   -77.100   30.860   974.2   30.130   1.045   1013.0   0.0541   -0.0086
111   -0.70833   -77.120   30.960   974.3   30.250   1.040   1013.0   0.0548   -0.0112
112   -0.68750   -77.125   31.050   974.4   30.370   1.040   1013.0   0.0550   -0.0122
113   -0.66667   -77.130   31.140   974.5   30.490   1.040   1013.0   0.0574   -0.0111
114   -0.64583   -77.135   31.240   974.5   30.615   1.040   1013.0   0.0608   -0.0089
115   -0.62500   -77.140   31.340   974.6   30.740   1.040   1013.0   0.0644   -0.0094
116   -0.60417   -77.145   31.440   974.7   30.870   1.035   1013.0   0.0686   -0.0126
117   -0.58333   -77.150   31.540   974.7   31.000   1.030   1013.0   0.0706   -0.0148
118   -0.56250   -77.155   31.640   974.8   31.130   1.030   1013.0   0.0759   -0.0139
119   -0.54167   -77.160   31.740   974.9   31.260   1.030   1013.0   0.0876   -0.0125
120   -0.52083   -77.165   31.840   975.0   31.390   1.025   1013.0   0.0953   -0.0119
121   -0.50000   -77.170   31.940   975.1   31.520   1.020   1013.0   0.1041   -0.0106
122   -0.47917   -77.175   32.040   975.1   31.655   1.020   1013.0   0.1172   -0.0087
123   -0.45833   -77.180   32.140   975.2   31.790   1.020   1013.0   0.1293   -0.0067
124   -0.43750   -77.185   32.245   975.3   31.930   1.015   1013.0   0.1407   -0.0065
125   -0.41667   -77.190   32.350   975.4   32.070   1.010   1013.0   0.1515   -0.0079
126   -0.39583   -77.195   32.455   975.4   32.215   1.010   1013.0   0.1638   -0.0089
127   -0.37500   -77.200   32.560   975.5   32.360   1.010   1013.0   0.1773   -0.0100
128   -0.35417   -77.195   32.660   975.6   32.500   1.010   1013.0   0.1925   -0.0109
129   -0.33333   -77.190   32.760   975.6   32.640   1.010   1013.0   0.2111   -0.0111
130   -0.31250   -77.185   32.865   975.7   32.790   1.005   1013.0   0.2318   -0.0093
131   -0.29167   -77.180   32.970   975.8   32.940   1.000   1013.0   0.2568   -0.0078
132   -0.27083   -77.175   33.080   975.9   33.095   1.000   1013.0   0.2844   -0.0066
133   -0.25000   -77.170   33.190   976.0   33.250   1.000   1013.0   0.3145   -0.0053
134   -0.22917   -77.165   33.295   976.0   33.405   0.995   1013.0   0.3587   -0.0036
135   -0.20833   -77.160   33.400   976.1   33.560   0.990   1013.0   0.4118   -0.0027
136   -0.18750   -77.155   33.510   976.2   33.720   0.990   1013.0   0.4749   -0.0027
137   -0.16667   -77.150   33.620   976.2   33.880   0.990   1013.0   0.5352   -0.0020
138   -0.14583   -77.145   33.730   976.3   34.045   0.985   1013.0   0.5831   0.0003
139   -0.12500   -77.140   33.840   976.4   34.210   0.980   1013.0   0.6220   0.0052
140   -0.10417   -77.130   33.950   976.5   34.380   0.980   1013.0   0.6287   0.0090
141   -0.08333   -77.120   34.060   976.5   34.550   0.980   1013.0   0.5810   0.0108
142   -0.06250   -77.105   34.175   976.6   34.725   0.975   1013.0   0.4821   0.0122
143   -0.04167   -77.090   34.290   976.7   34.900   0.970   1013.0   0.3433   0.0141
144   -0.02083   -77.070   34.395   976.8   35.070   0.970   1013.0   0.1817   0.0173
145   0.00000   -77.050   34.500   976.9   35.240   0.970   1013.0   0.0227   0.0214
146   0.02083   -77.030   34.620   976.9   35.430   0.965   1013.0   -0.1177   0.0268
147   0.04167   -77.010   34.740   977.0   35.620   0.960   1013.0   -0.2200   0.0335
148   0.06250   -76.990   34.855   978.4   35.955   0.955   1013.0   -0.2770   0.0387
149   0.08333   -76.970   34.970   979.8   36.290   0.950   1013.0   -0.3007   0.0411
150   0.10417   -76.950   35.085   981.1   36.615   0.940   1013.0   -0.3043   0.0404
151   0.12500   -76.930   35.200   982.4   36.940   0.930   1013.0   -0.2901   0.0367
152   0.14583   -76.910   35.320   983.5   37.255   0.925   1013.0   -0.2518   0.0306
153   0.16667   -76.890   35.440   984.7   37.570   0.920   1013.0   -0.2161   0.0261
154   0.18750   -76.870   35.560   985.8   37.870   0.910   1013.0   -0.1934   0.0231
155   0.20833   -76.850   35.680   986.9   38.170   0.900   1013.0   -0.1566   0.0173
156   0.22917   -76.830   35.800   987.9   38.470   0.895   1013.0   -0.1054   0.0076
157   0.25000   -76.810   35.920   988.9   38.770   0.890   1013.0   -0.0857   -0.0088
158   0.27083   -76.785   36.045   989.9   39.065   0.880   1013.0   -0.1192   -0.0368
159   0.29167   -76.760   36.170   990.8   39.360   0.870   1013.0   -0.1729   -0.0661
160   0.31250   -76.740   36.300   991.6   39.655   0.860   1013.0   -0.2282   -0.0943
161   0.33333   -76.720   36.430   992.5   39.950   0.850   1013.0   -0.2630   -0.1287
162   0.35417   -76.700   36.555   993.3   40.240   0.845   1013.0   -0.2727   -0.1610
163   0.37500   -76.680   36.680   994.1   40.530   0.840   1013.0   -0.2583   -0.1879
164   0.39583   -76.655   36.810   994.8   40.820   0.835   1013.0   -0.2181   -0.2142
165   0.41667   -76.630   36.940   995.5   41.110   0.830   1013.0   -0.1649   -0.2335
166   0.43750   -76.605   37.070   996.2   41.405   0.820   1013.0   -0.1215   -0.2439
167   0.45833   -76.580   37.200   996.9   41.700   0.810   1013.0   -0.1019   -0.2502
168   0.47917   -76.555   37.335   997.5   41.995   0.805   1013.0   -0.1028   -0.2536
169   0.50000   -76.530   37.470   998.1   42.290   0.800   1013.0   -0.1152   -0.2540
170   0.52083   -76.505   37.610   998.7   42.595   0.790   1013.0   -0.1201   -0.2473
171   0.54167   -76.480   37.750   999.3   42.900   0.780   1013.0   -0.1281   -0.2375
172   0.56250   -76.455   37.890   999.8   43.220   0.775   1013.0   -0.1370   -0.2261
173   0.58333   -76.430   38.030   1000.4   43.540   0.770   1013.0   -0.1496   -0.2221
174   0.60417   -76.405   38.175   1000.8   43.860   0.765   1013.0   -0.1554   -0.2253
175   0.62500   -76.380   38.320   1001.3   44.180   0.760   1013.0   -0.1465   -0.2253
176   0.64583   -76.355   38.460   1001.8   44.500   0.750   1013.0   -0.1288   -0.2279
177   0.66667   -76.355   38.460   1001.8   44.500   0.750   1013.0   -0.1288   -0.2279
178   0.68750   -76.355   38.460   1001.8   44.500   0.750   1013.0   -0.1288   -0.2279
179   0.70833   -76.355   38.460   1001.8   44.500   0.750   1013.0   -0.1288   -0.2279
180   0.72917   -76.355   38.460   1001.8   44.500   0.750   1013.0   -0.1288   -0.2279
181   0.75000   -76.355   38.460   1001.8   44.500   0.750   1013.0   -0.1288   -0.2279
182   0.77083   -76.355   38.460   1001.8   44.500   0.750   1013.0   -0.1288   -0.2279
183   0.79167   -76.355   38.460   1001.8   44.500   0.750   1013.0   -0.1288   -0.2279
184   0.81250   -76.355   38.460   1001.8   44.500   0.750   1013.0   -0.1288   -0.2279
185   0.83333   -76.355   38.460   1001.8   44.500   0.750   1013.0   -0.1288   -0.2279
186   0.85417   -76.355   38.460   1001.8   44.500   0.750   1013.0   -0.1288   -0.2279
187   0.87500   -76.355   38.460   1001.8   44.500   0.750   1013.0   -0.1288   -0.2279
188   0.89583   -76.355   38.460   1001.8   44.500   0.750   1013.0   -0.1288   -0.2279
189   0.91667   -76.355   38.460   1001.8   44.500   0.750   1013.0   -0.1288   -0.2279
190   0.93750   -76.355   38.460   1001.8   44.500   0.750   1013.0   -0.1288   -0.2279
191   0.95833   -76.355   38.460   1001.8   44.500   0.750   1013.0   -0.1288   -0.2279
192   0.97917   -76.355   38.460   1001.8   44.500   0.750   1013.0   -0.1288   -0.2279
193   1.00000   -76.355   38.460   1001.8   44.500   0.750   1013.0   -0.1288   -0.2279
