1   -3.00000   -66.880   18.670   942.6   30.240   1.200   1013.0   0.0013   0.0017
2   -2.97917   -67.005   18.750   942.6   30.295   1.200   1013.0   0.0019   0.0016
3   -2.95833   -67.130   18.830   942.6   30.350   1.200   1013.0   0.0019   0.0011
4   -2.93750   -67.250   18.910   942.6   30.410   1.200   1013.0   0.0018   0.0008
5   -2.91667   -67.370   18.990   942.6   30.470   1.200   1013.0   0.0020   0.0011
6   -2.89583   -67.495   19.070   942.6   30.525   1.195   1013.0   0.0020   0.0013
7   -2.87500   -67.620   19.150   942.6   30.580   1.190   1013.0   0.0017   0.0016
8   -2.85417   -67.740   19.230   942.6   30.640   1.190   1013.0   0.0012   0.0019
9   -2.83333   -67.860   19.310   942.6   30.700   1.190   1013.0   0.0013   0.0020
10   -2.81250   -67.980   19.390   942.6   30.760   1.190   1013.0   0.0018   0.0019
11   -2.79167   -68.100   19.470   942.6   30.820   1.190   1013.0   0.0020   0.0014
12   -2.77083   -68.220   19.550   942.6   30.880   1.190   1013.0   0.0022   0.0011
13   -2.75000   -68.340   19.630   942.6   30.940   1.190   1013.0   0.0022   0.0013
14   -2.72917   -68.460   19.710   942.6   31.000   1.185   1013.0   0.0021   0.0020
15   -2.70833   -68.580   19.790   942.6   31.060   1.180   1013.0   0.0031   0.0027
16   -2.68750   -68.705   19.870   942.6   31.120   1.180   1013.0   0.0031   0.0026
17   -2.66667   -68.830   19.950   942.6   31.180   1.180   1013.0   0.0025   0.0021
18   -2.64583   -68.945   20.025   942.6   31.240   1.180   1013.0   0.0028   0.0017
19   -2.62500   -69.060   20.100   942.6   31.300   1.180   1013.0   0.0026   0.0014
20   -2.60417   -69.180   20.180   942.6   31.360   1.180   1013.0   0.0024   0.0013
21   -2.58333   -69.300   20.260   942.6   31.420   1.180   1013.0   0.0024   0.0017
22   -2.56250   -69.425   20.340   942.6   31.485   1.175   1013.0   0.0020   0.0027
23   -2.54167   -69.550   20.420   942.6   31.550   1.170   1013.0   0.0027   0.0035
24   -2.52083   -69.665   20.495   942.6   31.610   1.170   1013.0   0.0038   0.0031
25   -2.50000   -69.780   20.570   942.6   31.670   1.170   1013.0   0.0033   0.0025
26   -2.47917   -69.905   20.650   942.6   31.735   1.170   1013.0   0.0038   0.0022
27   -2.45833   -70.030   20.730   942.6   31.800   1.170   1013.0   0.0043   0.0022
28   -2.43750   -70.145   20.805   942.6   31.860   1.165   1013.0   0.0039   0.0021
29   -2.41667   -70.260   20.880   942.6   31.920   1.160   1013.0   0.0033   0.0027
30   -2.39583   -70.380   20.955   942.6   31.985   1.160   1013.0   0.0027   0.0034
31   -2.37500   -70.500   21.030   942.6   32.050   1.160   1013.0   0.0038   0.0031
32   -2.35417   -70.620   21.110   942.6   32.115   1.160   1013.0   0.0030   0.0033
33   -2.33333   -70.740   21.190   942.6   32.180   1.160   1013.0   0.0031   0.0018
34   -2.31250   -70.855   21.270   942.6   32.250   1.160   1013.0   0.0037   0.0021
35   -2.29167   -70.970   21.350   942.6   32.320   1.160   1013.0   0.0042   0.0021
36   -2.27083   -71.080   21.435   942.6   32.390   1.155   1013.0   0.0027   0.0040
37   -2.25000   -71.190   21.520   942.6   32.460   1.150   1013.0   0.0052   0.0038
38   -2.22917   -71.310   21.605   942.6   32.535   1.150   1013.0   0.0045   0.0034
39   -2.20833   -71.430   21.690   942.6   32.610   1.150   1013.0   0.0029   0.0035
40   -2.18750   -71.540   21.775   942.6   32.685   1.150   1013.0   0.0045   0.0027
41   -2.16667   -71.650   21.860   942.6   32.760   1.150   1013.0   0.0043   0.0016
42   -2.14583   -71.760   21.945   942.6   32.835   1.145   1013.0   0.0025   0.0021
43   -2.12500   -71.870   22.030   942.6   32.910   1.140   1013.0   0.0044   0.0030
44   -2.10417   -71.985   22.110   942.6   32.985   1.140   1013.0   0.0058   0.0054
45   -2.08333   -72.100   22.190   942.6   33.060   1.140   1013.0   0.0033   0.0057
46   -2.06250   -72.210   22.275   942.6   33.135   1.140   1013.0   0.0075   0.0051
47   -2.04167   -72.320   22.360   942.6   33.210   1.140   1013.0   0.0080   0.0038
48   -2.02083   -72.435   22.440   942.6   33.290   1.140   1013.0   0.0060   0.0032
49   -2.00000   -72.550   22.520   942.6   33.370   1.140   1013.0   0.0074   0.0032
50   -1.97917   -72.660   22.605   942.6   33.445   1.135   1013.0   0.0081   0.0047
51   -1.95833   -72.770   22.690   942.6   33.520   1.130   1013.0   0.0066   0.0050
52   -1.93750   -72.885   22.775   942.6   33.600   1.130   1013.0   0.0043   0.0041
53   -1.91667   -73.000   22.860   942.6   33.680   1.130   1013.0   0.0035   0.0043
54   -1.89583   -73.115   22.940   942.6   33.760   1.130   1013.0   0.0042   0.0030
55   -1.87500   -73.230   23.020   942.6   33.840   1.130   1013.0   0.0027   0.0020
56   -1.85417   -73.335   23.100   942.6   33.920   1.125   1013.0   0.0026   0.0023
57   -1.83333   -73.440   23.180   942.6   34.000   1.120   1013.0   0.0040   0.0041
58   -1.81250   -73.545   23.275   942.6   34.090   1.120   1013.0   0.0046   0.0057
59   -1.79167   -73.650   23.370   942.6   34.180   1.120   1013.0   0.0069   0.0062
60   -1.77083   -73.760   23.460   942.6   34.270   1.120   1013.0   0.0106   0.0067
61   -1.75000   -73.870   23.550   942.6   34.360   1.120   1013.0   0.0103   0.0062
62   -1.72917   -73.975   23.640   942.6   34.450   1.115   1013.0   0.0119   0.0055
63   -1.70833   -74.080   23.730   942.6   34.540   1.110   1013.0   0.0130   0.0047
64   -1.68750   -74.180   23.820   942.6   34.630   1.110   1013.0   0.0118   0.0056
65   -1.66667   -74.280   23.910   942.6   34.720   1.110   1013.0   0.0110   0.0065
66   -1.64583   -74.390   24.000   942.6   34.815   1.110   1013.0   0.0087   0.0058
67   -1.62500   -74.500   24.090   942.6   34.910   1.110   1013.0   0.0086   0.0055
68   -1.60417   -74.605   24.180   942.6   35.005   1.105   1013.0   0.0100   0.0046
69   -1.58333   -74.710   24.270   942.6   35.100   1.100   1013.0   0.0207   0.0040
70   -1.56250   -74.815   24.360   942.6   35.195   1.100   1013.0   0.0331   0.0056
71   -1.54167   -74.920   24.450   942.6   35.290   1.100   1013.0   0.0407   0.0065
72   -1.52083   -75.020   24.545   942.6   35.395   1.100   1013.0   0.0461   0.0072
73   -1.50000   -75.120   24.640   942.6   35.500   1.100   1013.0   0.0551   0.0076
74   -1.47917   -75.215   24.735   942.6   35.600   1.095   1013.0   0.0614   0.0076
75   -1.45833   -75.310   24.830   942.6   35.700   1.090   1013.0   0.0653   0.0072
76   -1.43750   -75.410   24.930   942.6   35.810   1.090   1013.0   0.0648   0.0069
77   -1.41667   -75.510   25.030   942.6   35.920   1.090   1013.0   0.0573   0.0064
78   -1.39583   -75.605   25.125   942.6   36.030   1.085   1013.0   0.0455   0.0091
79   -1.37500   -75.700   25.220   942.6   36.140   1.080   1013.0   0.0434   0.0085
80   -1.35417   -75.800   25.320   942.6   36.250   1.080   1013.0   0.0414   0.0084
81   -1.33333   -75.900   25.420   942.6   36.360   1.080   1013.0   0.0450   0.0093
82   -1.31250   -75.995   25.515   942.6   36.470   1.080   1013.0   0.0508   0.0087
83   -1.29167   -76.090   25.610   942.6   36.580   1.080   1013.0   0.0576   0.0140
84   -1.27083   -76.190   25.705   942.6   36.695   1.075   1013.0   0.0624   0.0196
85   -1.25000   -76.290   25.800   942.6   36.810   1.070   1013.0   0.0709   0.0209
86   -1.22917   -76.385   25.900   942.6   36.925   1.070   1013.0   0.0806   0.0210
87   -1.20833   -76.480   26.000   942.6   37.040   1.070   1013.0   0.0814   0.0192
88   -1.18750   -76.580   26.095   942.6   37.160   1.070   1013.0   0.0793   0.0162
89   -1.16667   -76.680   26.190   942.6   37.280   1.070   1013.0   0.0741   0.0137
90   -1.14583   -76.770   26.300   942.6   37.410   1.065   1013.0   0.0702   0.0122
91   -1.12500   -76.860   26.410   942.6   37.540   1.060   1013.0   0.0645   0.0103
92   -1.10417   -76.935   26.515   942.6   37.675   1.060   1013.0   0.0604   0.0099
93   -1.08333   -77.010   26.620   942.6   37.810   1.060   1013.0   0.0599   0.0090
94   -1.06250   -77.090   26.730   942.6   37.945   1.055   1013.0   0.0630   0.0071
95   -1.04167   -77.170   26.840   942.6   38.080   1.050   1013.0   0.0723   0.0047
96   -1.02083   -77.255   26.955   942.6   38.225   1.050   1013.0   0.0831   0.0016
97   -1.00000   -77.340   27.070   942.6   38.370   1.050   1013.0   0.0868   0.0013
98   -0.97917   -77.420   27.180   942.6   38.520   1.045   1013.0   0.0897   -0.0013
99   -0.95833   -77.500   27.290   942.7   38.670   1.040   1013.0   0.0902   0.0007
100   -0.93750   -77.580   27.400   942.8   38.855   1.040   1013.0   0.0904   0.0048
101   -0.91667   -77.660   27.510   942.9   39.040   1.040   1013.0   0.0905   0.0025
102   -0.89583   -77.740   27.620   943.1   39.220   1.035   1013.0   0.0911   -0.0023
103   -0.87500   -77.820   27.730   943.2   39.400   1.030   1013.0   0.0895   -0.0048
104   -0.85417   -77.900   27.845   943.3   39.590   1.030   1013.0   0.0931   -0.0056
105   -0.83333   -77.980   27.960   943.5   39.780   1.030   1013.0   0.1011   -0.0041
106   -0.81250   -78.050   28.080   943.6   39.980   1.025   1013.0   0.1085   -0.0035
107   -0.79167   -78.120   28.200   943.7   40.180   1.020   1013.0   0.1087   -0.0077
108   -0.77083   -78.160   28.330   943.9   40.400   1.020   1013.0   0.1110   -0.0138
109   -0.75000   -78.200   28.460   944.0   40.620   1.020   1013.0   0.1136   -0.0186
110   -0.72917   -78.235   28.590   944.1   40.840   1.015   1013.0   0.1136   -0.0223
111   -0.70833   -78.270   28.720   944.3   41.060   1.010   1013.0   0.1083   -0.0229
112   -0.68750   -78.310   28.855   944.4   41.290   1.010   1013.0   0.1038   -0.0215
113   -0.66667   -78.350   28.990   944.5   41.520   1.010   1013.0   0.0997   -0.0197
114   -0.64583   -78.390   29.120   944.7   41.750   1.005   1013.0   0.0977   -0.0180
115   -0.62500   -78.430   29.250   944.8   41.980   1.000   1013.0   0.1069   -0.0219
116   -0.60417   -78.470   29.380   944.9   42.225   0.995   1013.0   0.1199   -0.0249
117   -0.58333   -78.510   29.510   945.1   42.470   0.990   1013.0   0.1340   -0.0257
118   -0.56250   -78.550   29.645   945.2   42.715   0.990   1013.0   0.1506   -0.0226
119   -0.54167   -78.590   29.780   945.3   42.960   0.990   1013.0   0.1655   -0.0190
120   -0.52083   -78.615   29.915   945.5   43.215   0.985   1013.0   0.1758   -0.0140
121   -0.50000   -78.640   30.050   945.6   43.470   0.980   1013.0   0.1827   -0.0158
122   -0.47917   -78.650   30.190   945.7   43.735   0.975   1013.0   0.1833   -0.0211
123   -0.45833   -78.660   30.330   945.9   44.000   0.970   1013.0   0.1883   -0.0265
124   -0.43750   -78.665   30.470   946.0   44.270   0.970   1013.0   0.1902   -0.0291
125   -0.41667   -78.670   30.610   946.1   44.540   0.970   1013.0   0.1951   -0.0303
126   -0.39583   -78.680   30.755   946.3   44.825   0.965   1013.0   0.2045   -0.0280
127   -0.37500   -78.690   30.900   946.4   45.110   0.960   1013.0   0.2098   -0.0248
128   -0.35417   -78.695   31.040   946.5   45.390   0.955   1013.0   0.2299   -0.0222
129   -0.33333   -78.700   31.180   946.7   45.670   0.950   1013.0   0.2535   -0.0220
130   -0.31250   -78.710   31.325   946.8   45.965   0.950   1013.0   0.2819   -0.0212
131   -0.29167   -78.720   31.470   946.9   46.260   0.950   1013.0   0.3145   -0.0231
132   -0.27083   -78.720   31.620   947.1   46.575   0.945   1013.0   0.3504   -0.0254
133   -0.25000   -78.720   31.770   947.2   46.890   0.940   1013.0   0.3799   -0.0252
134   -0.22917   -78.710   31.915   947.3   47.195   0.935   1013.0   0.4125   -0.0265
135   -0.20833   -78.700   32.060   947.5   47.500   0.930   1013.0   0.4464   -0.0250
136   -0.18750   -78.695   32.210   947.6   47.825   0.930   1013.0   0.4901   -0.0207
137   -0.16667   -78.690   32.360   947.7   48.150   0.930   1013.0   0.5415   -0.0149
138   -0.14583   -78.680   32.515   947.9   48.495   0.925   1013.0   0.6051   -0.0113
139   -0.12500   -78.670   32.670   948.0   48.840   0.920   1013.0   0.6784   -0.0094
140   -0.10417   -78.665   32.820   948.1   49.175   0.915   1013.0   0.7736   -0.0074
141   -0.08333   -78.660   32.970   948.3   49.510   0.910   1013.0   0.8881   -0.0056
142   -0.06250   -78.640   33.130   948.4   49.875   0.905   1013.0   1.0307   -0.0020
143   -0.04167   -78.620   33.290   948.5   50.240   0.900   1013.0   1.2132   -0.0011
144   -0.02083   -78.595   33.445   948.7   50.610   0.895   1013.0   1.4325   0.0007
145   0.00000   -78.570   33.600   948.8   50.980   0.890   1013.0   1.6846   0.0037
146   0.02083   -78.545   33.760   950.0   51.680   0.890   1013.0   1.9591   0.0081
147   0.04167   -78.520   33.920   951.2   52.380   0.890   1013.0   2.1711   0.0108
148   0.06250   -78.490   34.080   955.2   53.900   0.885   1013.0   2.1878   0.0103
149   0.08333   -78.460   34.240   959.2   55.420   0.880   1013.0   1.9073   0.0062
150   0.10417   -78.430   34.405   962.7   56.730   0.880   1013.0   1.3544   0.0015
151   0.12500   -78.400   34.570   966.2   58.040   0.880   1013.0   0.7141   -0.0030
152   0.14583   -78.375   34.740   969.2   59.190   0.875   1013.0   0.1817   -0.0114
153   0.16667   -78.350   34.910   972.3   60.340   0.870   1013.0   -0.2048   -0.0256
154   0.18750   -78.320   35.080   974.9   61.370   0.870   1013.0   -0.4209   -0.0431
155   0.20833   -78.290   35.250   977.6   62.400   0.870   1013.0   -0.5039   -0.0624
156   0.22917   -78.260   35.425   979.8   63.340   0.870   1013.0   -0.4994   -0.0841
157   0.25000   -78.230   35.600   982.1   64.280   0.870   1013.0   -0.4276   -0.1081
158   0.27083   -78.200   35.780   984.1   65.135   0.865   1013.0   -0.3162   -0.1292
159   0.29167   -78.170   35.960   986.1   65.990   0.860   1013.0   -0.1950   -0.1450
160   0.31250   -78.135   36.140   987.9   66.805   0.860   1013.0   -0.0617   -0.1576
161   0.33333   -78.100   36.320   989.6   67.620   0.860   1013.0   0.0606   -0.1698
162   0.35417   -78.065   36.510   991.1   68.410   0.855   1013.0   0.0985   -0.1839
163   0.37500   -78.030   36.700   992.7   69.200   0.850   1013.0   0.0396   -0.1990
164   0.39583   -77.995   36.885   994.0   69.955   0.850   1013.0   -0.0986   -0.2121
165   0.41667   -77.960   37.070   995.3   70.710   0.850   1013.0   -0.2586   -0.2240
166   0.43750   -77.925   37.265   996.5   71.485   0.845   1013.0   -0.4013   -0.2400
167   0.45833   -77.890   37.460   997.6   72.260   0.840   1013.0   -0.4631   -0.2544
168   0.47917   -77.855   37.665   998.6   73.045   0.840   1013.0   -0.4327   -0.2656
169   0.50000   -77.820   37.870   999.6   73.830   0.840   1013.0   -0.3177   -0.2778
170   0.52083   -77.780   38.075   1000.5   74.635   0.840   1013.0   -0.1605   -0.2904
171   0.54167   -77.780   38.075   1000.5   74.635   0.840   1013.0   -0.1605   -0.2904
172   0.56250   -77.780   38.075   1000.5   74.635   0.840   1013.0   -0.1605   -0.2904
173   0.58333   -77.780   38.075   1000.5   74.635   0.840   1013.0   -0.1605   -0.2904
174   0.60417   -77.780   38.075   1000.5   74.635   0.840   1013.0   -0.1605   -0.2904
175   0.62500   -77.780   38.075   1000.5   74.635   0.840   1013.0   -0.1605   -0.2904
176   0.64583   -77.780   38.075   1000.5   74.635   0.840   1013.0   -0.1605   -0.2904
177   0.66667   -77.780   38.075   1000.5   74.635   0.840   1013.0   -0.1605   -0.2904
178   0.68750   -77.780   38.075   1000.5   74.635   0.840   1013.0   -0.1605   -0.2904
179   0.70833   -77.780   38.075   1000.5   74.635   0.840   1013.0   -0.1605   -0.2904
180   0.72917   -77.780   38.075   1000.5   74.635   0.840   1013.0   -0.1605   -0.2904
181   0.75000   -77.780   38.075   1000.5   74.635   0.840   1013.0   -0.1605   -0.2904
182   0.77083   -77.780   38.075   1000.5   74.635   0.840   1013.0   -0.1605   -0.2904
183   0.79167   -77.780   38.075   1000.5   74.635   0.840   1013.0   -0.1605   -0.2904
184   0.81250   -77.780   38.075   1000.5   74.635   0.840   1013.0   -0.1605   -0.2904
185   0.83333   -77.780   38.075   1000.5   74.635   0.840   1013.0   -0.1605   -0.2904
186   0.85417   -77.780   38.075   1000.5   74.635   0.840   1013.0   -0.1605   -0.2904
187   0.87500   -77.780   38.075   1000.5   74.635   0.840   1013.0   -0.1605   -0.2904
188   0.89583   -77.780   38.075   1000.5   74.635   0.840   1013.0   -0.1605   -0.2904
189   0.91667   -77.780   38.075   1000.5   74.635   0.840   1013.0   -0.1605   -0.2904
190   0.93750   -77.780   38.075   1000.5   74.635   0.840   1013.0   -0.1605   -0.2904
191   0.95833   -77.780   38.075   1000.5   74.635   0.840   1013.0   -0.1605   -0.2904
192   0.97917   -77.780   38.075   1000.5   74.635   0.840   1013.0   -0.1605   -0.2904
193   1.00000   -77.780   38.075   1000.5   74.635   0.840   1013.0   -0.1605   -0.2904
