1   -3.00000   -74.770   21.680   956.9   60.610   1.530   1013.0   0.0271   -0.0037
2   -2.97917   -74.850   21.735   956.9   60.700   1.530   1013.0   0.0263   -0.0038
3   -2.95833   -74.930   21.790   956.9   60.790   1.530   1013.0   0.0245   -0.0028
4   -2.93750   -75.005   21.845   956.9   60.885   1.530   1013.0   0.0237   -0.0024
5   -2.91667   -75.080   21.900   956.9   60.980   1.530   1013.0   0.0236   -0.0030
6   -2.89583   -75.155   21.960   956.9   61.070   1.525   1013.0   0.0226   -0.0045
7   -2.87500   -75.230   22.020   956.9   61.160   1.520   1013.0   0.0214   -0.0048
8   -2.85417   -75.310   22.075   956.9   61.255   1.520   1013.0   0.0222   -0.0037
9   -2.83333   -75.390   22.130   956.9   61.350   1.520   1013.0   0.0227   -0.0033
10   -2.81250   -75.465   22.185   956.9   61.445   1.520   1013.0   0.0234   -0.0027
11   -2.79167   -75.540   22.240   956.9   61.540   1.520   1013.0   0.0228   -0.0031
12   -2.77083   -75.620   22.295   956.9   61.635   1.520   1013.0   0.0226   -0.0040
13   -2.75000   -75.700   22.350   956.9   61.730   1.520   1013.0   0.0224   -0.0047
14   -2.72917   -75.775   22.405   956.9   61.825   1.515   1013.0   0.0219   -0.0044
15   -2.70833   -75.850   22.460   956.9   61.920   1.510   1013.0   0.0227   -0.0039
16   -2.68750   -75.925   22.515   956.9   62.015   1.510   1013.0   0.0212   -0.0036
17   -2.66667   -76.000   22.570   956.9   62.110   1.510   1013.0   0.0211   -0.0032
18   -2.64583   -76.080   22.625   956.9   62.210   1.510   1013.0   0.0224   -0.0032
19   -2.62500   -76.160   22.680   956.9   62.310   1.510   1013.0   0.0221   -0.0041
20   -2.60417   -76.235   22.740   956.9   62.405   1.510   1013.0   0.0221   -0.0044
21   -2.58333   -76.310   22.800   956.9   62.500   1.510   1013.0   0.0216   -0.0043
22   -2.56250   -76.385   22.855   956.9   62.600   1.505   1013.0   0.0211   -0.0035
23   -2.54167   -76.460   22.910   956.9   62.700   1.500   1013.0   0.0210   -0.0028
24   -2.52083   -76.540   22.965   956.9   62.800   1.500   1013.0   0.0209   -0.0025
25   -2.50000   -76.620   23.020   956.9   62.900   1.500   1013.0   0.0210   -0.0031
26   -2.47917   -76.690   23.085   956.9   63.015   1.500   1013.0   0.0208   -0.0039
27   -2.45833   -76.760   23.150   956.9   63.130   1.500   1013.0   0.0207   -0.0042
28   -2.43750   -76.815   23.220   956.9   63.260   1.495   1013.0   0.0211   -0.0044
29   -2.41667   -76.870   23.290   956.9   63.390   1.490   1013.0   0.0210   -0.0049
30   -2.39583   -76.930   23.365   956.9   63.525   1.490   1013.0   0.0198   -0.0051
31   -2.37500   -76.990   23.440   956.9   63.660   1.490   1013.0   0.0189   -0.0053
32   -2.35417   -77.050   23.510   956.9   63.795   1.490   1013.0   0.0180   -0.0062
33   -2.33333   -77.110   23.580   956.9   63.930   1.490   1013.0   0.0165   -0.0076
34   -2.31250   -77.165   23.650   956.9   64.065   1.485   1013.0   0.0144   -0.0084
35   -2.29167   -77.220   23.720   956.9   64.200   1.480   1013.0   0.0134   -0.0083
36   -2.27083   -77.280   23.795   956.9   64.335   1.480   1013.0   0.0135   -0.0071
37   -2.25000   -77.340   23.870   956.9   64.470   1.480   1013.0   0.0145   -0.0055
38   -2.22917   -77.400   23.940   956.9   64.605   1.480   1013.0   0.0156   -0.0036
39   -2.20833   -77.460   24.010   956.9   64.740   1.480   1013.0   0.0189   -0.0028
40   -2.18750   -77.520   24.085   956.9   64.885   1.475   1013.0   0.0220   -0.0049
41   -2.16667   -77.580   24.160   956.9   65.030   1.470   1013.0   0.0213   -0.0070
42   -2.14583   -77.640   24.230   956.9   65.175   1.470   1013.0   0.0211   -0.0088
43   -2.12500   -77.700   24.300   956.9   65.320   1.470   1013.0   0.0205   -0.0095
44   -2.10417   -77.755   24.370   956.9   65.455   1.470   1013.0   0.0172   -0.0080
45   -2.08333   -77.810   24.440   956.9   65.590   1.470   1013.0   0.0150   -0.0074
46   -2.06250   -77.870   24.515   956.9   65.740   1.465   1013.0   0.0134   -0.0082
47   -2.04167   -77.930   24.590   956.9   65.890   1.460   1013.0   0.0113   -0.0084
48   -2.02083   -77.985   24.660   956.9   66.030   1.460   1013.0   0.0120   -0.0087
49   -2.00000   -78.040   24.730   956.9   66.170   1.460   1013.0   0.0120   -0.0101
50   -1.97917   -78.100   24.805   956.9   66.320   1.460   1013.0   0.0118   -0.0100
51   -1.95833   -78.160   24.880   956.9   66.470   1.460   1013.0   0.0153   -0.0091
52   -1.93750   -78.220   24.950   956.9   66.615   1.455   1013.0   0.0195   -0.0081
53   -1.91667   -78.280   25.020   956.9   66.760   1.450   1013.0   0.0222   -0.0074
54   -1.89583   -78.340   25.090   956.9   66.910   1.450   1013.0   0.0229   -0.0092
55   -1.87500   -78.400   25.160   956.9   67.060   1.450   1013.0   0.0219   -0.0113
56   -1.85417   -78.440   25.240   956.9   67.230   1.450   1013.0   0.0200   -0.0115
57   -1.83333   -78.480   25.320   956.9   67.400   1.450   1013.0   0.0201   -0.0116
58   -1.81250   -78.525   25.400   956.9   67.570   1.445   1013.0   0.0215   -0.0108
59   -1.79167   -78.570   25.480   956.9   67.740   1.440   1013.0   0.0209   -0.0095
60   -1.77083   -78.610   25.565   956.9   67.920   1.440   1013.0   0.0193   -0.0101
61   -1.75000   -78.650   25.650   956.9   68.100   1.440   1013.0   0.0173   -0.0128
62   -1.72917   -78.695   25.730   956.9   68.275   1.435   1013.0   0.0141   -0.0149
63   -1.70833   -78.740   25.810   956.9   68.450   1.430   1013.0   0.0114   -0.0170
64   -1.68750   -78.780   25.890   956.9   68.625   1.430   1013.0   0.0124   -0.0178
65   -1.66667   -78.820   25.970   956.9   68.800   1.430   1013.0   0.0144   -0.0168
66   -1.64583   -78.865   26.055   956.9   68.985   1.430   1013.0   0.0135   -0.0165
67   -1.62500   -78.910   26.140   956.9   69.170   1.430   1013.0   0.0132   -0.0166
68   -1.60417   -78.950   26.220   956.9   69.350   1.425   1013.0   0.0149   -0.0166
69   -1.58333   -78.990   26.300   956.9   69.530   1.420   1013.0   0.0176   -0.0151
70   -1.56250   -79.035   26.380   956.9   69.710   1.420   1013.0   0.0218   -0.0148
71   -1.54167   -79.080   26.460   956.9   69.890   1.420   1013.0   0.0259   -0.0138
72   -1.52083   -79.125   26.540   956.9   70.085   1.415   1013.0   0.0283   -0.0122
73   -1.50000   -79.170   26.620   956.9   70.280   1.410   1013.0   0.0309   -0.0112
74   -1.47917   -79.210   26.700   956.9   70.465   1.410   1013.0   0.0339   -0.0111
75   -1.45833   -79.250   26.780   956.9   70.650   1.410   1013.0   0.0340   -0.0119
76   -1.43750   -79.295   26.865   956.9   70.850   1.405   1013.0   0.0323   -0.0143
77   -1.41667   -79.340   26.950   956.9   71.050   1.400   1013.0   0.0298   -0.0176
78   -1.39583   -79.355   27.040   956.9   71.260   1.400   1013.0   0.0237   -0.0195
79   -1.37500   -79.370   27.130   956.9   71.470   1.400   1013.0   0.0180   -0.0205
80   -1.35417   -79.375   27.220   956.9   71.685   1.400   1013.0   0.0133   -0.0215
81   -1.33333   -79.380   27.310   956.9   71.900   1.400   1013.0   0.0101   -0.0218
82   -1.31250   -79.385   27.400   956.9   72.120   1.395   1013.0   0.0079   -0.0221
83   -1.29167   -79.390   27.490   956.9   72.340   1.390   1013.0   0.0078   -0.0226
84   -1.27083   -79.395   27.575   956.9   72.565   1.390   1013.0   0.0108   -0.0220
85   -1.25000   -79.400   27.660   956.9   72.790   1.390   1013.0   0.0154   -0.0209
86   -1.22917   -79.410   27.750   956.9   73.015   1.385   1013.0   0.0216   -0.0202
87   -1.20833   -79.420   27.840   956.9   73.240   1.380   1013.0   0.0251   -0.0191
88   -1.18750   -79.425   27.930   956.9   73.470   1.380   1013.0   0.0317   -0.0182
89   -1.16667   -79.430   28.020   956.9   73.700   1.380   1013.0   0.0379   -0.0175
90   -1.14583   -79.435   28.115   956.9   73.940   1.375   1013.0   0.0395   -0.0174
91   -1.12500   -79.440   28.210   956.9   74.180   1.370   1013.0   0.0362   -0.0175
92   -1.10417   -79.445   28.300   956.9   74.415   1.370   1013.0   0.0345   -0.0174
93   -1.08333   -79.450   28.390   956.9   74.650   1.370   1013.0   0.0348   -0.0186
94   -1.06250   -79.455   28.480   956.9   74.890   1.365   1013.0   0.0359   -0.0193
95   -1.04167   -79.460   28.570   956.9   75.130   1.360   1013.0   0.0349   -0.0203
96   -1.02083   -79.465   28.665   956.9   75.385   1.360   1013.0   0.0342   -0.0206
97   -1.00000   -79.470   28.760   956.9   75.640   1.360   1013.0   0.0393   -0.0201
98   -0.97917   -79.480   28.850   956.9   75.880   1.355   1013.0   0.0431   -0.0186
99   -0.95833   -79.490   28.940   956.9   76.120   1.350   1013.0   0.0455   -0.0173
100   -0.93750   -79.485   29.035   957.0   76.415   1.345   1013.0   0.0454   -0.0185
101   -0.91667   -79.480   29.130   957.1   76.710   1.340   1013.0   0.0506   -0.0204
102   -0.89583   -79.480   29.220   957.2   77.005   1.340   1013.0   0.0572   -0.0219
103   -0.87500   -79.480   29.310   957.3   77.300   1.340   1013.0   0.0623   -0.0225
104   -0.85417   -79.480   29.405   957.4   77.610   1.335   1013.0   0.0700   -0.0216
105   -0.83333   -79.480   29.500   957.5   77.920   1.330   1013.0   0.0705   -0.0217
106   -0.81250   -79.475   29.595   957.6   78.235   1.330   1013.0   0.0701   -0.0211
107   -0.79167   -79.470   29.690   957.7   78.550   1.330   1013.0   0.0805   -0.0201
108   -0.77083   -79.470   29.785   957.8   78.870   1.325   1013.0   0.0908   -0.0185
109   -0.75000   -79.470   29.880   957.9   79.190   1.320   1013.0   0.0953   -0.0176
110   -0.72917   -79.470   29.975   958.0   79.510   1.320   1013.0   0.1033   -0.0176
111   -0.70833   -79.470   30.070   958.1   79.830   1.320   1013.0   0.1133   -0.0183
112   -0.68750   -79.470   30.165   958.2   80.160   1.315   1013.0   0.1148   -0.0203
113   -0.66667   -79.470   30.260   958.3   80.490   1.310   1013.0   0.1184   -0.0221
114   -0.64583   -79.465   30.355   958.4   80.820   1.305   1013.0   0.1292   -0.0231
115   -0.62500   -79.460   30.450   958.6   81.150   1.300   1013.0   0.1366   -0.0242
116   -0.60417   -79.460   30.545   958.7   81.490   1.300   1013.0   0.1434   -0.0238
117   -0.58333   -79.460   30.640   958.8   81.830   1.300   1013.0   0.1562   -0.0228
118   -0.56250   -79.460   30.735   958.9   82.170   1.295   1013.0   0.1690   -0.0209
119   -0.54167   -79.460   30.830   959.0   82.510   1.290   1013.0   0.1787   -0.0199
120   -0.52083   -79.455   30.930   959.1   82.870   1.285   1013.0   0.1965   -0.0200
121   -0.50000   -79.450   31.030   959.2   83.230   1.280   1013.0   0.2182   -0.0217
122   -0.47917   -79.450   31.125   959.3   83.580   1.280   1013.0   0.2298   -0.0227
123   -0.45833   -79.450   31.220   959.4   83.930   1.280   1013.0   0.2437   -0.0220
124   -0.43750   -79.430   31.320   959.5   84.295   1.275   1013.0   0.2614   -0.0224
125   -0.41667   -79.410   31.420   959.6   84.660   1.270   1013.0   0.2709   -0.0243
126   -0.39583   -79.390   31.515   959.7   85.030   1.265   1013.0   0.2858   -0.0259
127   -0.37500   -79.370   31.610   959.8   85.400   1.260   1013.0   0.3058   -0.0256
128   -0.35417   -79.350   31.710   959.9   85.775   1.260   1013.0   0.3199   -0.0249
129   -0.33333   -79.330   31.810   960.0   86.150   1.260   1013.0   0.3414   -0.0245
130   -0.31250   -79.305   31.910   960.1   86.545   1.255   1013.0   0.3773   -0.0236
131   -0.29167   -79.280   32.010   960.2   86.940   1.250   1013.0   0.4090   -0.0241
132   -0.27083   -79.260   32.110   960.4   87.325   1.245   1013.0   0.4412   -0.0227
133   -0.25000   -79.240   32.210   960.5   87.710   1.240   1013.0   0.4853   -0.0186
134   -0.22917   -79.220   32.310   960.6   88.115   1.240   1013.0   0.5341   -0.0147
135   -0.20833   -79.200   32.410   960.7   88.520   1.240   1013.0   0.5822   -0.0145
136   -0.18750   -79.175   32.510   960.8   88.920   1.235   1013.0   0.6359   -0.0148
137   -0.16667   -79.150   32.610   960.9   89.320   1.230   1013.0   0.6914   -0.0161
138   -0.14583   -79.130   32.715   961.0   89.735   1.225   1013.0   0.7494   -0.0177
139   -0.12500   -79.110   32.820   961.1   90.150   1.220   1013.0   0.8198   -0.0135
140   -0.10417   -79.085   32.925   961.2   90.595   1.215   1013.0   0.9027   -0.0100
141   -0.08333   -79.060   33.030   961.3   91.040   1.210   1013.0   0.9917   -0.0072
142   -0.06250   -79.040   33.135   961.4   91.470   1.210   1013.0   1.0841   -0.0051
143   -0.04167   -79.020   33.240   961.5   91.900   1.210   1013.0   1.1760   -0.0056
144   -0.02083   -78.980   33.340   961.6   92.335   1.205   1013.0   1.2627   -0.0066
145   0.00000   -78.940   33.440   961.7   92.770   1.200   1013.0   1.3448   -0.0087
146   0.02083   -78.875   33.535   961.8   93.180   1.195   1013.0   1.4216   -0.0109
147   0.04167   -78.810   33.630   961.9   93.590   1.190   1013.0   1.5085   -0.0105
148   0.06250   -78.745   33.720   962.7   94.280   1.180   1013.0   1.5984   -0.0046
149   0.08333   -78.680   33.810   963.4   94.970   1.170   1013.0   1.6570   0.0020
150   0.10417   -78.615   33.905   964.3   95.735   1.160   1013.0   1.6640   0.0070
151   0.12500   -78.550   34.000   965.2   96.500   1.150   1013.0   1.6095   0.0104
152   0.14583   -78.480   34.100   966.1   97.270   1.135   1013.0   1.4939   0.0142
153   0.16667   -78.410   34.200   966.9   98.040   1.120   1013.0   1.3123   0.0174
154   0.18750   -78.340   34.300   967.8   98.795   1.110   1013.0   1.0990   0.0217
155   0.20833   -78.270   34.400   968.6   99.550   1.100   1013.0   0.8700   0.0279
156   0.22917   -78.200   34.495   969.4   100.295   1.090   1013.0   0.6321   0.0341
157   0.25000   -78.130   34.590   970.2   101.040   1.080   1013.0   0.3895   0.0398
158   0.27083   -78.060   34.695   971.0   101.795   1.065   1013.0   0.1376   0.0446
159   0.29167   -77.990   34.800   971.8   102.550   1.050   1013.0   -0.0971   0.0478
160   0.31250   -77.920   34.895   972.5   103.275   1.040   1013.0   -0.2761   0.0502
161   0.33333   -77.850   34.990   973.3   104.000   1.030   1013.0   -0.3970   0.0542
162   0.35417   -77.780   35.095   974.0   104.740   1.020   1013.0   -0.4741   0.0597
163   0.37500   -77.710   35.200   974.7   105.480   1.010   1013.0   -0.5185   0.0681
164   0.39583   -77.635   35.305   975.4   106.230   1.000   1013.0   -0.5440   0.0750
165   0.41667   -77.560   35.410   976.1   106.980   0.990   1013.0   -0.5601   0.0804
166   0.43750   -77.485   35.515   976.8   107.720   0.980   1013.0   -0.5650   0.0800
167   0.45833   -77.410   35.620   977.5   108.460   0.970   1013.0   -0.5569   0.0747
168   0.47917   -77.330   35.725   978.1   109.190   0.960   1013.0   -0.5450   0.0639
169   0.50000   -77.250   35.830   978.8   109.920   0.950   1013.0   -0.5370   0.0459
170   0.52083   -77.170   35.935   979.4   110.650   0.940   1013.0   -0.5331   0.0221
171   0.54167   -77.090   36.040   980.0   111.380   0.930   1013.0   -0.5319   -0.0054
172   0.56250   -77.010   36.145   980.6   112.120   0.920   1013.0   -0.5280   -0.0426
173   0.58333   -76.930   36.250   981.2   112.860   0.910   1013.0   -0.5163   -0.0834
174   0.60417   -76.850   36.365   981.8   113.625   0.900   1013.0   -0.4947   -0.1278
175   0.62500   -76.770   36.480   982.4   114.390   0.890   1013.0   -0.4704   -0.1858
176   0.64583   -76.685   36.585   982.9   115.135   0.880   1013.0   -0.4439   -0.2472
177   0.66667   -76.600   36.690   983.5   115.880   0.870   1013.0   -0.4185   -0.3055
178   0.68750   -76.515   36.810   984.0   116.665   0.860   1013.0   -0.3952   -0.3660
179   0.70833   -76.430   36.930   984.5   117.450   0.850   1013.0   -0.3742   -0.4142
180   0.72917   -76.345   37.040   985.1   118.215   0.840   1013.0   -0.3583   -0.4505
181   0.75000   -76.260   37.150   985.6   118.980   0.830   1013.0   -0.3476   -0.4763
182   0.77083   -76.175   37.265   986.1   119.765   0.825   1013.0   -0.3394   -0.4918
183   0.79167   -76.090   37.380   986.6   120.550   0.820   1013.0   -0.3306   -0.4972
184   0.81250   -75.995   37.500   987.1   121.355   0.810   1013.0   -0.3212   -0.4953
185   0.83333   -75.900   37.620   987.5   122.160   0.800   1013.0   -0.3125   -0.4890
186   0.85417   -75.810   37.735   988.0   122.975   0.790   1013.0   -0.3039   -0.4888
187   0.87500   -75.720   37.850   988.5   123.790   0.780   1013.0   -0.2938   -0.4913
188   0.89583   -75.625   37.975   988.9   124.630   0.775   1013.0   -0.2839   -0.4927
189   0.91667   -75.530   38.100   989.4   125.470   0.770   1013.0   -0.2750   -0.4929
190   0.93750   -75.430   38.225   989.8   126.335   0.760   1013.0   -0.2667   -0.4888
191   0.95833   -75.330   38.350   990.2   127.200   0.750   1013.0   -0.2607   -0.4789
192   0.97917   -75.225   38.475   990.6   128.065   0.740   1013.0   -0.2578   -0.4573
193   1.00000   -75.225   38.475   990.6   128.065   0.740   1013.0   -0.2578   -0.4573
