1   -3.00000   -70.000   22.450   973.4   66.570   1.490   1013.0   0.0109   -0.0109
2   -2.97917   -70.055   22.525   973.4   66.710   1.485   1013.0   0.0116   -0.0110
3   -2.95833   -70.110   22.600   973.4   66.850   1.480   1013.0   0.0117   -0.0114
4   -2.93750   -70.170   22.680   973.4   66.995   1.480   1013.0   0.0116   -0.0121
5   -2.91667   -70.230   22.760   973.4   67.140   1.480   1013.0   0.0126   -0.0127
6   -2.89583   -70.280   22.830   973.4   67.275   1.480   1013.0   0.0119   -0.0124
7   -2.87500   -70.330   22.900   973.4   67.410   1.480   1013.0   0.0106   -0.0120
8   -2.85417   -70.390   22.975   973.4   67.555   1.475   1013.0   0.0106   -0.0122
9   -2.83333   -70.450   23.050   973.4   67.700   1.470   1013.0   0.0089   -0.0133
10   -2.81250   -70.505   23.130   973.4   67.850   1.470   1013.0   0.0062   -0.0141
11   -2.79167   -70.560   23.210   973.4   68.000   1.470   1013.0   0.0059   -0.0132
12   -2.77083   -70.615   23.280   973.4   68.140   1.470   1013.0   0.0068   -0.0121
13   -2.75000   -70.670   23.350   973.4   68.280   1.470   1013.0   0.0074   -0.0120
14   -2.72917   -70.725   23.425   973.4   68.435   1.465   1013.0   0.0080   -0.0120
15   -2.70833   -70.780   23.500   973.4   68.590   1.460   1013.0   0.0090   -0.0116
16   -2.68750   -70.840   23.575   973.4   68.740   1.460   1013.0   0.0093   -0.0119
17   -2.66667   -70.900   23.650   973.4   68.890   1.460   1013.0   0.0095   -0.0122
18   -2.64583   -70.950   23.725   973.4   69.040   1.460   1013.0   0.0097   -0.0122
19   -2.62500   -71.000   23.800   973.4   69.190   1.460   1013.0   0.0088   -0.0110
20   -2.60417   -71.060   23.875   973.4   69.345   1.455   1013.0   0.0078   -0.0099
21   -2.58333   -71.120   23.950   973.4   69.500   1.450   1013.0   0.0081   -0.0090
22   -2.56250   -71.175   24.020   973.4   69.650   1.450   1013.0   0.0082   -0.0090
23   -2.54167   -71.230   24.090   973.4   69.800   1.450   1013.0   0.0069   -0.0105
24   -2.52083   -71.285   24.170   973.4   69.960   1.445   1013.0   0.0053   -0.0113
25   -2.50000   -71.340   24.250   973.4   70.120   1.440   1013.0   0.0048   -0.0108
26   -2.47917   -71.395   24.320   973.4   70.270   1.440   1013.0   0.0044   -0.0101
27   -2.45833   -71.450   24.390   973.4   70.420   1.440   1013.0   0.0054   -0.0098
28   -2.43750   -71.505   24.465   973.4   70.585   1.440   1013.0   0.0072   -0.0096
29   -2.41667   -71.560   24.540   973.4   70.750   1.440   1013.0   0.0070   -0.0103
30   -2.39583   -71.615   24.615   973.4   70.905   1.435   1013.0   0.0058   -0.0108
31   -2.37500   -71.670   24.690   973.4   71.060   1.430   1013.0   0.0064   -0.0103
32   -2.35417   -71.725   24.765   973.4   71.230   1.430   1013.0   0.0069   -0.0092
33   -2.33333   -71.780   24.840   973.4   71.400   1.430   1013.0   0.0060   -0.0086
34   -2.31250   -71.835   24.910   973.4   71.555   1.430   1013.0   0.0060   -0.0084
35   -2.29167   -71.890   24.980   973.4   71.710   1.430   1013.0   0.0062   -0.0082
36   -2.27083   -71.945   25.060   973.4   71.880   1.425   1013.0   0.0061   -0.0076
37   -2.25000   -72.000   25.140   973.4   72.050   1.420   1013.0   0.0069   -0.0079
38   -2.22917   -72.055   25.210   973.4   72.215   1.420   1013.0   0.0066   -0.0089
39   -2.20833   -72.110   25.280   973.4   72.380   1.420   1013.0   0.0064   -0.0088
40   -2.18750   -72.165   25.355   973.4   72.555   1.415   1013.0   0.0086   -0.0081
41   -2.16667   -72.220   25.430   973.4   72.730   1.410   1013.0   0.0090   -0.0077
42   -2.14583   -72.275   25.505   973.4   72.895   1.410   1013.0   0.0072   -0.0070
43   -2.12500   -72.330   25.580   973.4   73.060   1.410   1013.0   0.0072   -0.0067
44   -2.10417   -72.390   25.655   973.4   73.240   1.410   1013.0   0.0076   -0.0069
45   -2.08333   -72.450   25.730   973.4   73.420   1.410   1013.0   0.0073   -0.0067
46   -2.06250   -72.500   25.805   973.4   73.590   1.405   1013.0   0.0075   -0.0065
47   -2.04167   -72.550   25.880   973.4   73.760   1.400   1013.0   0.0082   -0.0071
48   -2.02083   -72.605   25.955   973.4   73.945   1.400   1013.0   0.0086   -0.0081
49   -2.00000   -72.660   26.030   973.4   74.130   1.400   1013.0   0.0090   -0.0086
50   -1.97917   -72.710   26.105   973.4   74.310   1.400   1013.0   0.0086   -0.0081
51   -1.95833   -72.760   26.180   973.4   74.490   1.400   1013.0   0.0094   -0.0069
52   -1.93750   -72.815   26.260   973.4   74.680   1.395   1013.0   0.0106   -0.0064
53   -1.91667   -72.870   26.340   973.4   74.870   1.390   1013.0   0.0093   -0.0062
54   -1.89583   -72.920   26.415   973.4   75.055   1.390   1013.0   0.0079   -0.0061
55   -1.87500   -72.970   26.490   973.4   75.240   1.390   1013.0   0.0090   -0.0062
56   -1.85417   -73.020   26.570   973.4   75.435   1.385   1013.0   0.0113   -0.0065
57   -1.83333   -73.070   26.650   973.4   75.630   1.380   1013.0   0.0129   -0.0062
58   -1.81250   -73.125   26.720   973.4   75.815   1.380   1013.0   0.0129   -0.0056
59   -1.79167   -73.180   26.790   973.4   76.000   1.380   1013.0   0.0129   -0.0055
60   -1.77083   -73.230   26.870   973.4   76.200   1.375   1013.0   0.0128   -0.0051
61   -1.75000   -73.280   26.950   973.4   76.400   1.370   1013.0   0.0130   -0.0042
62   -1.72917   -73.335   27.030   973.4   76.600   1.370   1013.0   0.0142   -0.0042
63   -1.70833   -73.390   27.110   973.4   76.800   1.370   1013.0   0.0155   -0.0052
64   -1.68750   -73.440   27.185   973.4   76.995   1.370   1013.0   0.0160   -0.0058
65   -1.66667   -73.490   27.260   973.4   77.190   1.370   1013.0   0.0159   -0.0057
66   -1.64583   -73.545   27.335   973.4   77.395   1.365   1013.0   0.0164   -0.0047
67   -1.62500   -73.600   27.410   973.4   77.600   1.360   1013.0   0.0179   -0.0036
68   -1.60417   -73.650   27.490   973.4   77.810   1.360   1013.0   0.0179   -0.0030
69   -1.58333   -73.700   27.570   973.4   78.020   1.360   1013.0   0.0179   -0.0039
70   -1.56250   -73.755   27.645   973.4   78.220   1.355   1013.0   0.0181   -0.0047
71   -1.54167   -73.810   27.720   973.4   78.420   1.350   1013.0   0.0185   -0.0047
72   -1.52083   -73.860   27.800   973.4   78.630   1.350   1013.0   0.0214   -0.0046
73   -1.50000   -73.910   27.880   973.4   78.840   1.350   1013.0   0.0229   -0.0042
74   -1.47917   -73.965   27.955   973.4   79.055   1.345   1013.0   0.0228   -0.0034
75   -1.45833   -74.020   28.030   973.4   79.270   1.340   1013.0   0.0261   -0.0023
76   -1.43750   -74.075   28.110   973.4   79.490   1.340   1013.0   0.0279   -0.0017
77   -1.41667   -74.130   28.190   973.4   79.710   1.340   1013.0   0.0280   -0.0012
78   -1.39583   -74.180   28.270   973.4   79.930   1.340   1013.0   0.0307   -0.0016
79   -1.37500   -74.230   28.350   973.4   80.150   1.340   1013.0   0.0321   -0.0026
80   -1.35417   -74.285   28.425   973.4   80.370   1.335   1013.0   0.0308   -0.0026
81   -1.33333   -74.340   28.500   973.4   80.590   1.330   1013.0   0.0325   -0.0014
82   -1.31250   -74.395   28.580   973.4   80.815   1.330   1013.0   0.0358   -0.0006
83   -1.29167   -74.450   28.660   973.4   81.040   1.330   1013.0   0.0360   -0.0010
84   -1.27083   -74.505   28.740   973.4   81.270   1.325   1013.0   0.0354   -0.0025
85   -1.25000   -74.560   28.820   973.4   81.500   1.320   1013.0   0.0380   -0.0026
86   -1.22917   -74.610   28.895   973.4   81.725   1.320   1013.0   0.0416   -0.0002
87   -1.20833   -74.660   28.970   973.4   81.950   1.320   1013.0   0.0451   0.0016
88   -1.18750   -74.715   29.050   973.4   82.185   1.315   1013.0   0.0476   0.0018
89   -1.16667   -74.770   29.130   973.4   82.420   1.310   1013.0   0.0480   0.0021
90   -1.14583   -74.825   29.215   973.4   82.665   1.310   1013.0   0.0514   0.0027
91   -1.12500   -74.880   29.300   973.4   82.910   1.310   1013.0   0.0581   0.0023
92   -1.10417   -74.935   29.375   973.4   83.150   1.305   1013.0   0.0605   0.0019
93   -1.08333   -74.990   29.450   973.4   83.390   1.300   1013.0   0.0617   0.0027
94   -1.06250   -75.050   29.535   973.4   83.640   1.300   1013.0   0.0671   0.0045
95   -1.04167   -75.110   29.620   973.4   83.890   1.300   1013.0   0.0710   0.0067
96   -1.02083   -75.160   29.695   973.4   84.130   1.295   1013.0   0.0739   0.0085
97   -1.00000   -75.210   29.770   973.4   84.370   1.290   1013.0   0.0787   0.0086
98   -0.97917   -75.270   29.855   973.4   84.640   1.290   1013.0   0.0825   0.0083
99   -0.95833   -75.330   29.940   973.5   84.910   1.290   1013.0   0.0875   0.0099
100   -0.93750   -75.385   30.020   973.5   85.195   1.285   1013.0   0.0940   0.0110
101   -0.91667   -75.440   30.100   973.6   85.480   1.280   1013.0   0.0982   0.0107
102   -0.89583   -75.495   30.180   973.7   85.755   1.280   1013.0   0.1027   0.0120
103   -0.87500   -75.550   30.260   973.8   86.030   1.280   1013.0   0.1093   0.0139
104   -0.85417   -75.605   30.340   973.8   86.320   1.275   1013.0   0.1161   0.0157
105   -0.83333   -75.660   30.420   973.9   86.610   1.270   1013.0   0.1224   0.0166
106   -0.81250   -75.720   30.505   974.0   86.905   1.270   1013.0   0.1290   0.0172
107   -0.79167   -75.780   30.590   974.1   87.200   1.270   1013.0   0.1386   0.0192
108   -0.77083   -75.840   30.675   974.1   87.510   1.265   1013.0   0.1479   0.0212
109   -0.75000   -75.900   30.760   974.2   87.820   1.260   1013.0   0.1565   0.0225
110   -0.72917   -75.955   30.840   974.3   88.120   1.260   1013.0   0.1646   0.0236
111   -0.70833   -76.010   30.920   974.4   88.420   1.260   1013.0   0.1748   0.0253
112   -0.68750   -76.065   31.005   974.4   88.725   1.255   1013.0   0.1874   0.0277
113   -0.66667   -76.120   31.090   974.5   89.030   1.250   1013.0   0.1998   0.0298
114   -0.64583   -76.180   31.175   974.6   89.350   1.250   1013.0   0.2120   0.0311
115   -0.62500   -76.240   31.260   974.7   89.670   1.250   1013.0   0.2235   0.0331
116   -0.60417   -76.300   31.345   974.7   89.995   1.245   1013.0   0.2377   0.0368
117   -0.58333   -76.360   31.430   974.8   90.320   1.240   1013.0   0.2552   0.0396
118   -0.56250   -76.420   31.515   974.9   90.635   1.235   1013.0   0.2720   0.0402
119   -0.54167   -76.480   31.600   975.0   90.950   1.230   1013.0   0.2904   0.0417
120   -0.52083   -76.540   31.685   975.0   91.285   1.230   1013.0   0.3104   0.0448
121   -0.50000   -76.600   31.770   975.1   91.620   1.230   1013.0   0.3304   0.0484
122   -0.47917   -76.660   31.860   975.2   91.970   1.225   1013.0   0.3530   0.0522
123   -0.45833   -76.720   31.950   975.3   92.320   1.220   1013.0   0.3788   0.0559
124   -0.43750   -76.785   32.035   975.3   92.655   1.220   1013.0   0.4043   0.0586
125   -0.41667   -76.850   32.120   975.4   92.990   1.220   1013.0   0.4318   0.0609
126   -0.39583   -76.915   32.205   975.5   93.335   1.215   1013.0   0.4643   0.0641
127   -0.37500   -76.980   32.290   975.6   93.680   1.210   1013.0   0.5016   0.0661
128   -0.35417   -77.045   32.375   975.6   94.020   1.205   1013.0   0.5415   0.0679
129   -0.33333   -77.110   32.460   975.7   94.360   1.200   1013.0   0.5876   0.0728
130   -0.31250   -77.180   32.545   975.8   94.720   1.200   1013.0   0.6415   0.0777
131   -0.29167   -77.250   32.630   975.9   95.080   1.200   1013.0   0.7033   0.0813
132   -0.27083   -77.320   32.725   975.9   95.455   1.195   1013.0   0.7765   0.0844
133   -0.25000   -77.390   32.820   976.0   95.830   1.190   1013.0   0.8626   0.0865
134   -0.22917   -77.455   32.905   976.1   96.200   1.185   1013.0   0.9649   0.0872
135   -0.20833   -77.520   32.990   976.2   96.570   1.180   1013.0   1.0905   0.0874
136   -0.18750   -77.585   33.080   976.3   96.940   1.180   1013.0   1.2377   0.0903
137   -0.16667   -77.650   33.170   976.3   97.310   1.180   1013.0   1.3919   0.0942
138   -0.14583   -77.720   33.260   976.4   97.705   1.175   1013.0   1.5442   0.0964
139   -0.12500   -77.790   33.350   976.5   98.100   1.170   1013.0   1.7003   0.0992
140   -0.10417   -77.860   33.440   976.5   98.495   1.165   1013.0   1.8151   0.1014
141   -0.08333   -77.930   33.530   976.6   98.890   1.160   1013.0   1.9040   0.1024
142   -0.06250   -78.000   33.625   976.7   99.295   1.160   1013.0   1.9163   0.1016
143   -0.04167   -78.070   33.720   976.8   99.700   1.160   1013.0   1.8766   0.1004
144   -0.02083   -78.135   33.815   976.8   100.130   1.155   1013.0   1.8051   0.0992
145   0.00000   -78.200   33.910   976.9   100.560   1.150   1013.0   1.7051   0.0973
146   0.02083   -78.265   34.010   977.5   101.195   1.145   1013.0   1.5824   0.0941
147   0.04167   -78.330   34.110   978.1   101.830   1.140   1013.0   1.4378   0.0909
148   0.06250   -78.390   34.205   979.2   102.600   1.130   1013.0   1.2658   0.0856
149   0.08333   -78.450   34.300   980.3   103.370   1.120   1013.0   1.0670   0.0772
150   0.10417   -78.515   34.405   981.4   104.130   1.110   1013.0   0.8584   0.0662
151   0.12500   -78.580   34.510   982.4   104.890   1.100   1013.0   0.6615   0.0538
152   0.14583   -78.645   34.610   983.4   105.625   1.090   1013.0   0.4906   0.0419
153   0.16667   -78.710   34.710   984.3   106.360   1.080   1013.0   0.3404   0.0328
154   0.18750   -78.780   34.815   985.2   107.090   1.075   1013.0   0.2147   0.0243
155   0.20833   -78.850   34.920   986.1   107.820   1.070   1013.0   0.1193   0.0139
156   0.22917   -78.915   35.025   987.0   108.535   1.060   1013.0   0.0531   0.0026
157   0.25000   -78.980   35.130   987.8   109.250   1.050   1013.0   0.0261   -0.0072
158   0.27083   -79.050   35.235   988.6   109.950   1.040   1013.0   0.0234   -0.0169
159   0.29167   -79.120   35.340   989.4   110.650   1.030   1013.0   0.0359   -0.0283
160   0.31250   -79.185   35.445   990.1   111.340   1.020   1013.0   0.0439   -0.0374
161   0.33333   -79.250   35.550   990.9   112.030   1.010   1013.0   0.0366   -0.0458
162   0.35417   -79.320   35.660   991.6   112.730   1.005   1013.0   0.0165   -0.0532
163   0.37500   -79.390   35.770   992.3   113.430   1.000   1013.0   -0.0108   -0.0583
164   0.39583   -79.460   35.875   992.9   114.120   0.990   1013.0   -0.0433   -0.0630
165   0.41667   -79.530   35.980   993.6   114.810   0.980   1013.0   -0.0754   -0.0677
166   0.43750   -79.610   36.095   994.2   115.505   0.975   1013.0   -0.0991   -0.0709
167   0.45833   -79.690   36.210   994.8   116.200   0.970   1013.0   -0.1106   -0.0764
168   0.47917   -79.765   36.320   995.4   116.895   0.960   1013.0   -0.1073   -0.0824
169   0.50000   -79.840   36.430   995.9   117.590   0.950   1013.0   -0.0934   -0.0877
170   0.52083   -79.915   36.540   996.5   118.280   0.940   1013.0   -0.0707   -0.0909
171   0.54167   -79.990   36.650   997.0   118.970   0.930   1013.0   -0.0467   -0.0933
172   0.56250   -80.070   36.765   997.5   119.685   0.925   1013.0   -0.0248   -0.0954
173   0.58333   -80.150   36.880   998.0   120.400   0.920   1013.0   -0.0097   -0.0975
174   0.60417   -80.230   36.995   998.5   121.115   0.910   1013.0   -0.0050   -0.0989
175   0.62500   -80.310   37.110   999.0   121.830   0.900   1013.0   -0.0121   -0.0993
176   0.64583   -80.395   37.230   999.4   122.570   0.895   1013.0   -0.0261   -0.0996
177   0.66667   -80.480   37.350   999.9   123.310   0.890   1013.0   -0.0421   -0.0994
178   0.68750   -80.565   37.475   1000.3   124.085   0.885   1013.0   -0.0546   -0.0977
179   0.70833   -80.650   37.600   1000.7   124.860   0.880   1013.0   -0.0608   -0.0947
180   0.72917   -80.730   37.715   1001.1   125.615   0.870   1013.0   -0.0592   -0.0918
181   0.75000   -80.810   37.830   1001.4   126.370   0.860   1013.0   -0.0495   -0.0898
182   0.77083   -80.900   37.960   1001.8   127.180   0.855   1013.0   -0.0356   -0.0888
183   0.79167   -80.990   38.090   1002.2   127.990   0.850   1013.0   -0.0222   -0.0888
184   0.81250   -81.080   38.215   1002.5   128.810   0.840   1013.0   -0.0134   -0.0899
185   0.83333   -81.170   38.340   1002.9   129.630   0.830   1013.0   -0.0093   -0.0910
186   0.85417   -81.260   38.465   1003.2   130.435   0.825   1013.0   -0.0098   -0.0913
187   0.87500   -81.260   38.465   1003.2   130.435   0.825   1013.0   -0.0098   -0.0913
188   0.89583   -81.260   38.465   1003.2   130.435   0.825   1013.0   -0.0098   -0.0913
189   0.91667   -81.260   38.465   1003.2   130.435   0.825   1013.0   -0.0098   -0.0913
190   0.93750   -81.260   38.465   1003.2   130.435   0.825   1013.0   -0.0098   -0.0913
191   0.95833   -81.260   38.465   1003.2   130.435   0.825   1013.0   -0.0098   -0.0913
192   0.97917   -81.260   38.465   1003.2   130.435   0.825   1013.0   -0.0098   -0.0913
193   1.00000   -81.260   38.465   1003.2   130.435   0.825   1013.0   -0.0098   -0.0913
