1   -3.00000   -79.900   27.740   973.4   78.470   1.350   1013.0   0.0169   -0.0007
2   -2.97917   -79.900   27.775   973.4   78.565   1.350   1013.0   0.0156   -0.0002
3   -2.95833   -79.900   27.810   973.4   78.660   1.350   1013.0   0.0151   -0.0003
4   -2.93750   -79.905   27.850   973.4   78.770   1.350   1013.0   0.0163   -0.0002
5   -2.91667   -79.910   27.890   973.4   78.880   1.350   1013.0   0.0166   0.0006
6   -2.89583   -79.910   27.925   973.4   78.975   1.350   1013.0   0.0171   0.0016
7   -2.87500   -79.910   27.960   973.4   79.070   1.350   1013.0   0.0185   0.0017
8   -2.85417   -79.915   28.000   973.4   79.180   1.345   1013.0   0.0199   0.0017
9   -2.83333   -79.920   28.040   973.4   79.290   1.340   1013.0   0.0217   0.0021
10   -2.81250   -79.920   28.075   973.4   79.385   1.340   1013.0   0.0235   0.0024
11   -2.79167   -79.920   28.110   973.4   79.480   1.340   1013.0   0.0228   0.0016
12   -2.77083   -79.925   28.145   973.4   79.575   1.340   1013.0   0.0222   0.0004
13   -2.75000   -79.930   28.180   973.4   79.670   1.340   1013.0   0.0248   0.0000
14   -2.72917   -79.930   28.220   973.4   79.785   1.340   1013.0   0.0235   0.0004
15   -2.70833   -79.930   28.260   973.4   79.900   1.340   1013.0   0.0200   0.0007
16   -2.68750   -79.935   28.295   973.4   79.995   1.340   1013.0   0.0204   0.0002
17   -2.66667   -79.940   28.330   973.4   80.090   1.340   1013.0   0.0209   -0.0008
18   -2.64583   -79.940   28.370   973.4   80.205   1.335   1013.0   0.0198   -0.0017
19   -2.62500   -79.940   28.410   973.4   80.320   1.330   1013.0   0.0191   -0.0015
20   -2.60417   -79.945   28.445   973.4   80.420   1.330   1013.0   0.0191   -0.0005
21   -2.58333   -79.950   28.480   973.4   80.520   1.330   1013.0   0.0203   0.0001
22   -2.56250   -79.950   28.520   973.4   80.630   1.330   1013.0   0.0247   0.0006
23   -2.54167   -79.950   28.560   973.4   80.740   1.330   1013.0   0.0289   0.0011
24   -2.52083   -79.955   28.595   973.4   80.840   1.330   1013.0   0.0285   0.0011
25   -2.50000   -79.960   28.630   973.4   80.940   1.330   1013.0   0.0287   0.0016
26   -2.47917   -79.960   28.670   973.4   81.055   1.330   1013.0   0.0325   0.0018
27   -2.45833   -79.960   28.710   973.4   81.170   1.330   1013.0   0.0335   0.0009
28   -2.43750   -79.955   28.745   973.4   81.275   1.325   1013.0   0.0319   0.0007
29   -2.41667   -79.950   28.780   973.4   81.380   1.320   1013.0   0.0320   0.0016
30   -2.39583   -79.950   28.820   973.4   81.495   1.320   1013.0   0.0309   0.0022
31   -2.37500   -79.950   28.860   973.4   81.610   1.320   1013.0   0.0284   0.0019
32   -2.35417   -79.950   28.895   973.4   81.715   1.320   1013.0   0.0278   0.0009
33   -2.33333   -79.950   28.930   973.4   81.820   1.320   1013.0   0.0274   -0.0004
34   -2.31250   -79.950   28.970   973.4   81.935   1.320   1013.0   0.0264   -0.0005
35   -2.29167   -79.950   29.010   973.4   82.050   1.320   1013.0   0.0276   0.0001
36   -2.27083   -79.950   29.045   973.4   82.155   1.315   1013.0   0.0297   0.0002
37   -2.25000   -79.950   29.080   973.4   82.260   1.310   1013.0   0.0320   0.0003
38   -2.22917   -79.950   29.120   973.4   82.380   1.310   1013.0   0.0359   0.0014
39   -2.20833   -79.950   29.160   973.4   82.500   1.310   1013.0   0.0389   0.0020
40   -2.18750   -79.950   29.195   973.4   82.605   1.310   1013.0   0.0387   0.0013
41   -2.16667   -79.950   29.230   973.4   82.710   1.310   1013.0   0.0386   0.0014
42   -2.14583   -79.950   29.270   973.4   82.830   1.310   1013.0   0.0408   0.0020
43   -2.12500   -79.950   29.310   973.4   82.950   1.310   1013.0   0.0434   0.0018
44   -2.10417   -79.950   29.345   973.4   83.055   1.310   1013.0   0.0448   0.0024
45   -2.08333   -79.950   29.380   973.4   83.160   1.310   1013.0   0.0445   0.0032
46   -2.06250   -79.945   29.420   973.4   83.280   1.305   1013.0   0.0429   0.0031
47   -2.04167   -79.940   29.460   973.4   83.400   1.300   1013.0   0.0415   0.0031
48   -2.02083   -79.940   29.500   973.4   83.520   1.300   1013.0   0.0433   0.0031
49   -2.00000   -79.940   29.540   973.4   83.640   1.300   1013.0   0.0453   0.0025
50   -1.97917   -79.940   29.575   973.4   83.750   1.300   1013.0   0.0443   0.0024
51   -1.95833   -79.940   29.610   973.4   83.860   1.300   1013.0   0.0448   0.0028
52   -1.93750   -79.940   29.650   973.4   83.985   1.300   1013.0   0.0479   0.0017
53   -1.91667   -79.940   29.690   973.4   84.110   1.300   1013.0   0.0499   0.0008
54   -1.89583   -79.940   29.730   973.4   84.230   1.295   1013.0   0.0502   0.0016
55   -1.87500   -79.940   29.770   973.4   84.350   1.290   1013.0   0.0524   0.0027
56   -1.85417   -79.940   29.805   973.4   84.460   1.290   1013.0   0.0566   0.0029
57   -1.83333   -79.940   29.840   973.4   84.570   1.290   1013.0   0.0574   0.0026
58   -1.81250   -79.940   29.880   973.4   84.695   1.290   1013.0   0.0576   0.0024
59   -1.79167   -79.940   29.920   973.4   84.820   1.290   1013.0   0.0610   0.0027
60   -1.77083   -79.940   29.960   973.4   84.950   1.290   1013.0   0.0633   0.0038
61   -1.75000   -79.940   30.000   973.4   85.080   1.290   1013.0   0.0630   0.0045
62   -1.72917   -79.940   30.035   973.4   85.190   1.285   1013.0   0.0631   0.0036
63   -1.70833   -79.940   30.070   973.4   85.300   1.280   1013.0   0.0641   0.0035
64   -1.68750   -79.935   30.110   973.4   85.425   1.280   1013.0   0.0659   0.0049
65   -1.66667   -79.930   30.150   973.4   85.550   1.280   1013.0   0.0685   0.0047
66   -1.64583   -79.930   30.190   973.4   85.680   1.280   1013.0   0.0712   0.0034
67   -1.62500   -79.930   30.230   973.4   85.810   1.280   1013.0   0.0728   0.0037
68   -1.60417   -79.930   30.270   973.4   85.940   1.280   1013.0   0.0751   0.0047
69   -1.58333   -79.930   30.310   973.4   86.070   1.280   1013.0   0.0768   0.0049
70   -1.56250   -79.930   30.345   973.4   86.185   1.280   1013.0   0.0772   0.0044
71   -1.54167   -79.930   30.380   973.4   86.300   1.280   1013.0   0.0812   0.0035
72   -1.52083   -79.930   30.420   973.4   86.430   1.275   1013.0   0.0848   0.0028
73   -1.50000   -79.930   30.460   973.4   86.560   1.270   1013.0   0.0854   0.0032
74   -1.47917   -79.930   30.500   973.4   86.690   1.270   1013.0   0.0868   0.0036
75   -1.45833   -79.930   30.540   973.4   86.820   1.270   1013.0   0.0882   0.0038
76   -1.43750   -79.930   30.580   973.4   86.950   1.270   1013.0   0.0886   0.0044
77   -1.41667   -79.930   30.620   973.4   87.080   1.270   1013.0   0.0914   0.0052
78   -1.39583   -79.930   30.660   973.4   87.215   1.270   1013.0   0.0981   0.0052
79   -1.37500   -79.930   30.700   973.4   87.350   1.270   1013.0   0.1018   0.0045
80   -1.35417   -79.925   30.740   973.4   87.480   1.265   1013.0   0.1018   0.0047
81   -1.33333   -79.920   30.780   973.4   87.610   1.260   1013.0   0.1056   0.0059
82   -1.31250   -79.920   30.815   973.4   87.730   1.260   1013.0   0.1110   0.0071
83   -1.29167   -79.920   30.850   973.4   87.850   1.260   1013.0   0.1143   0.0067
84   -1.27083   -79.920   30.890   973.4   87.985   1.260   1013.0   0.1167   0.0058
85   -1.25000   -79.920   30.930   973.4   88.120   1.260   1013.0   0.1173   0.0056
86   -1.22917   -79.915   30.970   973.4   88.250   1.260   1013.0   0.1170   0.0052
87   -1.20833   -79.910   31.010   973.4   88.380   1.260   1013.0   0.1175   0.0042
88   -1.18750   -79.900   31.045   973.4   88.515   1.255   1013.0   0.1187   0.0032
89   -1.16667   -79.890   31.080   973.4   88.650   1.250   1013.0   0.1218   0.0038
90   -1.14583   -79.885   31.120   973.4   88.785   1.250   1013.0   0.1266   0.0054
91   -1.12500   -79.880   31.160   973.4   88.920   1.250   1013.0   0.1294   0.0061
92   -1.10417   -79.870   31.200   973.4   89.055   1.250   1013.0   0.1300   0.0054
93   -1.08333   -79.860   31.240   973.4   89.190   1.250   1013.0   0.1334   0.0050
94   -1.06250   -79.850   31.280   973.4   89.325   1.250   1013.0   0.1407   0.0055
95   -1.04167   -79.840   31.320   973.4   89.460   1.250   1013.0   0.1483   0.0057
96   -1.02083   -79.830   31.365   973.4   89.615   1.245   1013.0   0.1564   0.0062
97   -1.00000   -79.820   31.410   973.4   89.770   1.240   1013.0   0.1635   0.0072
98   -0.97917   -79.810   31.445   973.5   89.925   1.240   1013.0   0.1673   0.0077
99   -0.95833   -79.800   31.480   973.5   90.080   1.240   1013.0   0.1718   0.0081
100   -0.93750   -79.795   31.520   973.6   90.240   1.240   1013.0   0.1774   0.0083
101   -0.91667   -79.790   31.560   973.7   90.400   1.240   1013.0   0.1813   0.0078
102   -0.89583   -79.780   31.600   973.7   90.565   1.235   1013.0   0.1853   0.0076
103   -0.87500   -79.770   31.640   973.8   90.730   1.230   1013.0   0.1885   0.0076
104   -0.85417   -79.760   31.680   973.9   90.895   1.230   1013.0   0.1906   0.0073
105   -0.83333   -79.750   31.720   974.0   91.060   1.230   1013.0   0.1968   0.0070
106   -0.81250   -79.745   31.760   974.0   91.225   1.230   1013.0   0.2033   0.0084
107   -0.79167   -79.740   31.800   974.1   91.390   1.230   1013.0   0.2064   0.0097
108   -0.77083   -79.730   31.840   974.2   91.570   1.230   1013.0   0.2121   0.0089
109   -0.75000   -79.720   31.880   974.3   91.750   1.230   1013.0   0.2183   0.0073
110   -0.72917   -79.710   31.920   974.3   91.920   1.225   1013.0   0.2234   0.0062
111   -0.70833   -79.700   31.960   974.4   92.090   1.220   1013.0   0.2317   0.0063
112   -0.68750   -79.690   32.000   974.5   92.255   1.220   1013.0   0.2418   0.0075
113   -0.66667   -79.680   32.040   974.6   92.420   1.220   1013.0   0.2505   0.0082
114   -0.64583   -79.675   32.080   974.6   92.590   1.220   1013.0   0.2571   0.0088
115   -0.62500   -79.670   32.120   974.7   92.760   1.220   1013.0   0.2620   0.0104
116   -0.60417   -79.660   32.165   974.8   92.945   1.215   1013.0   0.2671   0.0109
117   -0.58333   -79.650   32.210   974.9   93.130   1.210   1013.0   0.2745   0.0092
118   -0.56250   -79.640   32.250   974.9   93.300   1.210   1013.0   0.2841   0.0082
119   -0.54167   -79.630   32.290   975.0   93.470   1.210   1013.0   0.2941   0.0089
120   -0.52083   -79.620   32.330   975.1   93.660   1.210   1013.0   0.3016   0.0099
121   -0.50000   -79.610   32.370   975.2   93.850   1.210   1013.0   0.3071   0.0105
122   -0.47917   -79.600   32.410   975.2   94.025   1.205   1013.0   0.3119   0.0103
123   -0.45833   -79.590   32.450   975.3   94.200   1.200   1013.0   0.3183   0.0103
124   -0.43750   -79.585   32.495   975.4   94.390   1.200   1013.0   0.3295   0.0105
125   -0.41667   -79.580   32.540   975.5   94.580   1.200   1013.0   0.3408   0.0098
126   -0.39583   -79.570   32.580   975.5   94.755   1.200   1013.0   0.3490   0.0089
127   -0.37500   -79.560   32.620   975.6   94.930   1.200   1013.0   0.3586   0.0087
128   -0.35417   -79.550   32.665   975.7   95.125   1.195   1013.0   0.3678   0.0094
129   -0.33333   -79.540   32.710   975.8   95.320   1.190   1013.0   0.3743   0.0106
130   -0.31250   -79.530   32.745   975.8   95.495   1.190   1013.0   0.3814   0.0120
131   -0.29167   -79.520   32.780   975.9   95.670   1.190   1013.0   0.3915   0.0126
132   -0.27083   -79.510   32.825   976.0   95.865   1.190   1013.0   0.4022   0.0117
133   -0.25000   -79.500   32.870   976.1   96.060   1.190   1013.0   0.4128   0.0105
134   -0.22917   -79.495   32.910   976.1   96.240   1.190   1013.0   0.4218   0.0102
135   -0.20833   -79.490   32.950   976.2   96.420   1.190   1013.0   0.4271   0.0104
136   -0.18750   -79.480   32.995   976.3   96.615   1.185   1013.0   0.4343   0.0109
137   -0.16667   -79.470   33.040   976.4   96.810   1.180   1013.0   0.4428   0.0108
138   -0.14583   -79.450   33.080   976.4   96.995   1.180   1013.0   0.4478   0.0096
139   -0.12500   -79.430   33.120   976.5   97.180   1.180   1013.0   0.4548   0.0089
140   -0.10417   -79.405   33.155   976.6   97.355   1.180   1013.0   0.4651   0.0097
141   -0.08333   -79.380   33.190   976.7   97.530   1.180   1013.0   0.4751   0.0104
142   -0.06250   -79.355   33.230   976.7   97.700   1.175   1013.0   0.4836   0.0102
143   -0.04167   -79.330   33.270   976.8   97.870   1.170   1013.0   0.4892   0.0095
144   -0.02083   -79.305   33.305   976.9   98.045   1.170   1013.0   0.4944   0.0094
145   0.00000   -79.280   33.340   977.0   98.220   1.170   1013.0   0.5051   0.0102
146   0.02083   -79.250   33.380   977.2   98.475   1.165   1013.0   0.5256   0.0114
147   0.04167   -79.220   33.420   977.5   98.730   1.160   1013.0   0.5467   0.0122
148   0.06250   -79.195   33.455   977.9   98.990   1.150   1013.0   0.5613   0.0136
149   0.08333   -79.170   33.490   978.2   99.250   1.140   1013.0   0.5679   0.0158
150   0.10417   -79.140   33.530   978.5   99.510   1.130   1013.0   0.5716   0.0175
151   0.12500   -79.110   33.570   978.9   99.770   1.120   1013.0   0.5757   0.0174
152   0.14583   -79.085   33.610   979.2   100.045   1.110   1013.0   0.5748   0.0151
153   0.16667   -79.060   33.650   979.5   100.320   1.100   1013.0   0.5671   0.0127
154   0.18750   -79.030   33.685   979.9   100.570   1.090   1013.0   0.5593   0.0136
155   0.20833   -79.000   33.720   980.2   100.820   1.080   1013.0   0.5528   0.0168
156   0.22917   -78.975   33.765   980.5   101.090   1.075   1013.0   0.5456   0.0197
157   0.25000   -78.950   33.810   980.8   101.360   1.070   1013.0   0.5384   0.0220
158   0.27083   -78.925   33.845   981.1   101.610   1.060   1013.0   0.5298   0.0233
159   0.29167   -78.900   33.880   981.4   101.860   1.050   1013.0   0.5207   0.0219
160   0.31250   -78.870   33.920   981.7   102.125   1.040   1013.0   0.5137   0.0193
161   0.33333   -78.840   33.960   982.0   102.390   1.030   1013.0   0.5067   0.0181
162   0.35417   -78.815   33.995   982.3   102.635   1.025   1013.0   0.4957   0.0179
163   0.37500   -78.790   34.030   982.6   102.880   1.020   1013.0   0.4815   0.0177
164   0.39583   -78.760   34.075   982.9   103.140   1.010   1013.0   0.4602   0.0182
165   0.41667   -78.730   34.120   983.2   103.400   1.000   1013.0   0.4308   0.0183
166   0.43750   -78.705   34.155   983.5   103.645   0.995   1013.0   0.4001   0.0171
167   0.45833   -78.680   34.190   983.8   103.890   0.990   1013.0   0.3729   0.0165
168   0.47917   -78.650   34.230   984.1   104.145   0.980   1013.0   0.3474   0.0176
169   0.50000   -78.620   34.270   984.4   104.400   0.970   1013.0   0.3245   0.0185
170   0.52083   -78.590   34.310   984.6   104.660   0.960   1013.0   0.2991   0.0185
171   0.54167   -78.560   34.350   984.9   104.920   0.950   1013.0   0.2697   0.0186
172   0.56250   -78.530   34.395   985.2   105.175   0.945   1013.0   0.2409   0.0191
173   0.58333   -78.500   34.440   985.4   105.430   0.940   1013.0   0.2140   0.0199
174   0.60417   -78.475   34.480   985.7   105.685   0.930   1013.0   0.1842   0.0196
175   0.62500   -78.450   34.520   986.0   105.940   0.920   1013.0   0.1514   0.0183
176   0.64583   -78.425   34.555   986.2   106.175   0.915   1013.0   0.1189   0.0176
177   0.66667   -78.400   34.590   986.5   106.410   0.910   1013.0   0.0901   0.0169
178   0.68750   -78.370   34.630   986.8   106.665   0.905   1013.0   0.0639   0.0163
179   0.70833   -78.340   34.670   987.0   106.920   0.900   1013.0   0.0338   0.0159
180   0.72917   -78.310   34.710   987.3   107.170   0.890   1013.0   0.0043   0.0156
181   0.75000   -78.280   34.750   987.5   107.420   0.880   1013.0   -0.0248   0.0158
182   0.77083   -78.250   34.795   987.8   107.675   0.875   1013.0   -0.0502   0.0162
183   0.79167   -78.220   34.840   988.0   107.930   0.870   1013.0   -0.0708   0.0158
184   0.81250   -78.195   34.880   988.2   108.180   0.860   1013.0   -0.0883   0.0144
185   0.83333   -78.170   34.920   988.5   108.430   0.850   1013.0   -0.1036   0.0126
186   0.85417   -78.135   34.965   988.7   108.700   0.845   1013.0   -0.1201   0.0112
187   0.87500   -78.100   35.010   989.0   108.970   0.840   1013.0   -0.1391   0.0102
188   0.89583   -78.070   35.050   989.2   109.220   0.835   1013.0   -0.1598   0.0104
189   0.91667   -78.040   35.090   989.4   109.470   0.830   1013.0   -0.1771   0.0118
190   0.93750   -78.015   35.130   989.6   109.720   0.820   1013.0   -0.1895   0.0126
191   0.95833   -77.990   35.170   989.9   109.970   0.810   1013.0   -0.1979   0.0110
192   0.97917   -77.960   35.210   990.1   110.215   0.805   1013.0   -0.2036   0.0079
193   1.00000   -77.930   35.250   990.3   110.460   0.800   1013.0   -0.2068   0.0046
