1   -3.00000   -69.190   22.640   922.8   28.920   1.160   1013.0   0.0019   -0.0032
2   -2.97917   -69.245   22.710   922.8   28.980   1.160   1013.0   0.0071   -0.0015
3   -2.95833   -69.300   22.780   922.8   29.040   1.160   1013.0   0.0091   0.0042
4   -2.93750   -69.360   22.855   922.8   29.100   1.155   1013.0   0.0084   0.0099
5   -2.91667   -69.420   22.930   922.8   29.160   1.150   1013.0   0.0091   0.0103
6   -2.89583   -69.475   23.005   922.8   29.225   1.150   1013.0   0.0051   0.0068
7   -2.87500   -69.530   23.080   922.8   29.290   1.150   1013.0   0.0026   0.0005
8   -2.85417   -69.590   23.160   922.8   29.355   1.150   1013.0   0.0028   -0.0021
9   -2.83333   -69.650   23.240   922.8   29.420   1.150   1013.0   0.0026   -0.0020
10   -2.81250   -69.700   23.310   922.8   29.480   1.150   1013.0   0.0007   0.0004
11   -2.79167   -69.750   23.380   922.8   29.540   1.150   1013.0   -0.0009   0.0047
12   -2.77083   -69.810   23.455   922.8   29.605   1.145   1013.0   -0.0001   0.0106
13   -2.75000   -69.870   23.530   922.8   29.670   1.140   1013.0   0.0050   0.0123
14   -2.72917   -69.925   23.610   922.8   29.735   1.140   1013.0   0.0089   0.0067
15   -2.70833   -69.980   23.690   922.8   29.800   1.140   1013.0   0.0095   0.0005
16   -2.68750   -70.035   23.760   922.8   29.865   1.140   1013.0   0.0117   -0.0012
17   -2.66667   -70.090   23.830   922.8   29.930   1.140   1013.0   0.0121   0.0020
18   -2.64583   -70.145   23.905   922.8   29.995   1.135   1013.0   0.0079   0.0054
19   -2.62500   -70.200   23.980   922.8   30.060   1.130   1013.0   0.0019   0.0092
20   -2.60417   -70.255   24.055   922.8   30.125   1.130   1013.0   0.0005   0.0068
21   -2.58333   -70.310   24.130   922.8   30.190   1.130   1013.0   0.0015   0.0004
22   -2.56250   -70.365   24.205   922.8   30.260   1.130   1013.0   0.0001   -0.0017
23   -2.54167   -70.420   24.280   922.8   30.330   1.130   1013.0   0.0012   0.0034
24   -2.52083   -70.475   24.350   922.8   30.395   1.130   1013.0   0.0081   0.0105
25   -2.50000   -70.530   24.420   922.8   30.460   1.130   1013.0   0.0114   0.0132
26   -2.47917   -70.585   24.500   922.8   30.535   1.125   1013.0   0.0115   0.0100
27   -2.45833   -70.640   24.580   922.8   30.610   1.120   1013.0   0.0095   0.0050
28   -2.43750   -70.695   24.650   922.8   30.675   1.120   1013.0   0.0087   -0.0022
29   -2.41667   -70.750   24.720   922.8   30.740   1.120   1013.0   0.0121   -0.0022
30   -2.39583   -70.805   24.795   922.8   30.815   1.120   1013.0   0.0084   0.0015
31   -2.37500   -70.860   24.870   922.8   30.890   1.120   1013.0   -0.0031   0.0072
32   -2.35417   -70.915   24.945   922.8   30.955   1.120   1013.0   -0.0026   0.0108
33   -2.33333   -70.970   25.020   922.8   31.020   1.120   1013.0   -0.0003   0.0110
34   -2.31250   -71.030   25.095   922.8   31.095   1.115   1013.0   0.0077   0.0078
35   -2.29167   -71.090   25.170   922.8   31.170   1.110   1013.0   0.0134   0.0034
36   -2.27083   -71.140   25.240   922.8   31.240   1.110   1013.0   0.0173   0.0019
37   -2.25000   -71.190   25.310   922.8   31.310   1.110   1013.0   0.0164   0.0065
38   -2.22917   -71.250   25.390   922.8   31.385   1.110   1013.0   0.0119   0.0134
39   -2.20833   -71.310   25.470   922.8   31.460   1.110   1013.0   0.0150   0.0155
40   -2.18750   -71.365   25.540   922.8   31.535   1.105   1013.0   0.0090   0.0092
41   -2.16667   -71.420   25.610   922.8   31.610   1.100   1013.0   0.0058   0.0005
42   -2.14583   -71.475   25.685   922.8   31.685   1.100   1013.0   0.0068   -0.0034
43   -2.12500   -71.530   25.760   922.8   31.760   1.100   1013.0   0.0048   -0.0013
44   -2.10417   -71.585   25.835   922.8   31.835   1.100   1013.0   0.0023   0.0072
45   -2.08333   -71.640   25.910   922.8   31.910   1.100   1013.0   0.0042   0.0144
46   -2.06250   -71.695   25.985   922.8   31.985   1.100   1013.0   0.0055   0.0178
47   -2.04167   -71.750   26.060   922.8   32.060   1.100   1013.0   0.0101   0.0132
48   -2.02083   -71.805   26.130   922.8   32.140   1.095   1013.0   0.0231   0.0062
49   -2.00000   -71.860   26.200   922.8   32.220   1.090   1013.0   0.0299   0.0022
50   -1.97917   -71.910   26.280   922.8   32.300   1.090   1013.0   0.0274   0.0055
51   -1.95833   -71.960   26.360   922.8   32.380   1.090   1013.0   0.0329   0.0107
52   -1.93750   -72.015   26.435   922.8   32.460   1.090   1013.0   0.0323   0.0129
53   -1.91667   -72.070   26.510   922.8   32.540   1.090   1013.0   0.0256   0.0117
54   -1.89583   -72.120   26.590   922.8   32.625   1.090   1013.0   0.0240   0.0068
55   -1.87500   -72.170   26.670   922.8   32.710   1.090   1013.0   0.0280   0.0046
56   -1.85417   -72.220   26.740   922.8   32.790   1.085   1013.0   0.0267   0.0069
57   -1.83333   -72.270   26.810   922.8   32.870   1.080   1013.0   0.0264   0.0089
58   -1.81250   -72.325   26.890   922.8   32.955   1.080   1013.0   0.0263   0.0144
59   -1.79167   -72.380   26.970   922.8   33.040   1.080   1013.0   0.0253   0.0205
60   -1.77083   -72.435   27.050   922.8   33.130   1.080   1013.0   0.0290   0.0211
61   -1.75000   -72.490   27.130   922.8   33.220   1.080   1013.0   0.0344   0.0163
62   -1.72917   -72.540   27.205   922.8   33.300   1.075   1013.0   0.0375   0.0083
63   -1.70833   -72.590   27.280   922.8   33.380   1.070   1013.0   0.0397   0.0076
64   -1.68750   -72.645   27.355   922.8   33.470   1.070   1013.0   0.0438   0.0141
65   -1.66667   -72.700   27.430   922.8   33.560   1.070   1013.0   0.0423   0.0189
66   -1.64583   -72.750   27.510   922.8   33.650   1.070   1013.0   0.0362   0.0212
67   -1.62500   -72.800   27.590   922.8   33.740   1.070   1013.0   0.0360   0.0221
68   -1.60417   -72.855   27.665   922.8   33.825   1.065   1013.0   0.0380   0.0198
69   -1.58333   -72.910   27.740   922.8   33.910   1.060   1013.0   0.0425   0.0160
70   -1.56250   -72.960   27.820   922.8   34.005   1.060   1013.0   0.0541   0.0090
71   -1.54167   -73.010   27.900   922.8   34.100   1.060   1013.0   0.0536   0.0109
72   -1.52083   -73.065   27.975   922.8   34.190   1.060   1013.0   0.0490   0.0169
73   -1.50000   -73.120   28.050   922.8   34.280   1.060   1013.0   0.0469   0.0189
74   -1.47917   -73.175   28.130   922.8   34.375   1.060   1013.0   0.0440   0.0169
75   -1.45833   -73.230   28.210   922.8   34.470   1.060   1013.0   0.0367   0.0139
76   -1.43750   -73.280   28.290   922.8   34.565   1.055   1013.0   0.0396   0.0090
77   -1.41667   -73.330   28.370   922.8   34.660   1.050   1013.0   0.0455   0.0088
78   -1.39583   -73.385   28.445   922.8   34.760   1.050   1013.0   0.0515   0.0133
79   -1.37500   -73.440   28.520   922.8   34.860   1.050   1013.0   0.0589   0.0180
80   -1.35417   -73.495   28.600   922.8   34.955   1.050   1013.0   0.0657   0.0208
81   -1.33333   -73.550   28.680   922.8   35.050   1.050   1013.0   0.0660   0.0216
82   -1.31250   -73.600   28.760   922.8   35.150   1.045   1013.0   0.0688   0.0207
83   -1.29167   -73.650   28.840   922.8   35.250   1.040   1013.0   0.0773   0.0181
84   -1.27083   -73.705   28.920   922.8   35.350   1.040   1013.0   0.0760   0.0164
85   -1.25000   -73.760   29.000   922.8   35.450   1.040   1013.0   0.0691   0.0163
86   -1.22917   -73.815   29.075   922.8   35.550   1.040   1013.0   0.0662   0.0175
87   -1.20833   -73.870   29.150   922.8   35.650   1.040   1013.0   0.0652   0.0182
88   -1.18750   -73.925   29.235   922.8   35.755   1.035   1013.0   0.0686   0.0194
89   -1.16667   -73.980   29.320   922.8   35.860   1.030   1013.0   0.0781   0.0174
90   -1.14583   -74.035   29.395   922.8   35.965   1.030   1013.0   0.0777   0.0176
91   -1.12500   -74.090   29.470   922.8   36.070   1.030   1013.0   0.0788   0.0202
92   -1.10417   -74.145   29.555   922.8   36.180   1.030   1013.0   0.0907   0.0254
93   -1.08333   -74.200   29.640   922.8   36.290   1.030   1013.0   0.0962   0.0310
94   -1.06250   -74.255   29.720   922.8   36.395   1.025   1013.0   0.0994   0.0334
95   -1.04167   -74.310   29.800   922.8   36.500   1.020   1013.0   0.1075   0.0271
96   -1.02083   -74.365   29.880   922.8   36.610   1.020   1013.0   0.1107   0.0237
97   -1.00000   -74.420   29.960   922.8   36.720   1.020   1013.0   0.1170   0.0252
98   -0.97917   -74.480   30.040   922.8   36.830   1.020   1013.0   0.1228   0.0283
99   -0.95833   -74.540   30.120   922.8   36.940   1.020   1013.0   0.1255   0.0312
100   -0.93750   -74.595   30.205   922.9   37.095   1.015   1013.0   0.1256   0.0361
101   -0.91667   -74.650   30.290   923.1   37.250   1.010   1013.0   0.1327   0.0404
102   -0.89583   -74.705   30.370   923.2   37.420   1.010   1013.0   0.1371   0.0420
103   -0.87500   -74.760   30.450   923.4   37.590   1.010   1013.0   0.1429   0.0451
104   -0.85417   -74.820   30.535   923.6   37.760   1.005   1013.0   0.1493   0.0441
105   -0.83333   -74.880   30.620   923.7   37.930   1.000   1013.0   0.1562   0.0449
106   -0.81250   -74.935   30.700   923.9   38.100   1.000   1013.0   0.1721   0.0461
107   -0.79167   -74.990   30.780   924.1   38.270   1.000   1013.0   0.1792   0.0497
108   -0.77083   -75.050   30.865   924.3   38.445   1.000   1013.0   0.1902   0.0559
109   -0.75000   -75.110   30.950   924.4   38.620   1.000   1013.0   0.1990   0.0597
110   -0.72917   -75.170   31.035   924.6   38.805   0.995   1013.0   0.2074   0.0633
111   -0.70833   -75.230   31.120   924.8   38.990   0.990   1013.0   0.2153   0.0638
112   -0.68750   -75.285   31.200   924.9   39.170   0.990   1013.0   0.2236   0.0664
113   -0.66667   -75.340   31.280   925.1   39.350   0.990   1013.0   0.2314   0.0687
114   -0.64583   -75.400   31.370   925.3   39.535   0.985   1013.0   0.2439   0.0743
115   -0.62500   -75.460   31.460   925.5   39.720   0.980   1013.0   0.2568   0.0815
116   -0.60417   -75.520   31.545   925.6   39.910   0.945   1013.0   0.2681   0.0849
117   -0.58333   -75.580   31.630   925.8   40.100   0.910   1013.0   0.2797   0.0946
118   -0.56250   -75.640   31.715   926.0   40.295   0.910   1013.0   0.2932   0.1035
119   -0.54167   -75.700   31.800   926.1   40.490   0.910   1013.0   0.3154   0.1124
120   -0.52083   -75.760   31.890   926.3   40.680   0.910   1013.0   0.3398   0.1238
121   -0.50000   -75.820   31.980   926.5   40.870   0.910   1013.0   0.3604   0.1338
122   -0.47917   -75.880   32.065   926.6   41.070   0.910   1013.0   0.3925   0.1396
123   -0.45833   -75.940   32.150   926.8   41.270   0.910   1013.0   0.4131   0.1424
124   -0.43750   -76.000   32.240   927.0   41.475   0.910   1013.0   0.4323   0.1505
125   -0.41667   -76.060   32.330   927.2   41.680   0.910   1013.0   0.4591   0.1572
126   -0.39583   -76.130   32.415   927.3   41.885   0.910   1013.0   0.4803   0.1631
127   -0.37500   -76.200   32.500   927.5   42.090   0.910   1013.0   0.4899   0.1708
128   -0.35417   -76.265   32.590   927.7   42.295   0.910   1013.0   0.5058   0.1782
129   -0.33333   -76.330   32.680   927.8   42.500   0.910   1013.0   0.5234   0.1861
130   -0.31250   -76.395   32.765   928.0   42.710   0.910   1013.0   0.5395   0.1893
131   -0.29167   -76.460   32.850   928.2   42.920   0.910   1013.0   0.5693   0.1947
132   -0.27083   -76.530   32.940   928.4   43.130   0.910   1013.0   0.6072   0.2029
133   -0.25000   -76.600   33.030   928.5   43.340   0.910   1013.0   0.6545   0.2117
134   -0.22917   -76.670   33.120   928.7   43.560   0.910   1013.0   0.7105   0.2232
135   -0.20833   -76.740   33.210   928.9   43.780   0.910   1013.0   0.7786   0.2385
136   -0.18750   -76.805   33.295   929.0   43.995   0.910   1013.0   0.8686   0.2543
137   -0.16667   -76.870   33.380   929.2   44.210   0.910   1013.0   0.9835   0.2626
138   -0.14583   -76.940   33.475   929.4   44.440   0.910   1013.0   1.1288   0.2677
139   -0.12500   -77.010   33.570   929.6   44.670   0.910   1013.0   1.3029   0.2735
140   -0.10417   -77.085   33.665   929.7   44.905   0.910   1013.0   1.5049   0.2805
141   -0.08333   -77.160   33.760   929.9   45.140   0.910   1013.0   1.7687   0.2911
142   -0.06250   -77.230   33.850   930.1   45.375   0.910   1013.0   2.0354   0.3029
143   -0.04167   -77.300   33.940   930.2   45.610   0.910   1013.0   2.2050   0.3105
144   -0.02083   -77.370   34.035   930.4   45.855   0.910   1013.0   2.2163   0.3124
145   0.00000   -77.440   34.130   930.6   46.100   0.910   1013.0   2.0931   0.3113
146   0.02083   -77.505   34.235   930.7   46.360   0.910   1013.0   1.8952   0.3103
147   0.04167   -77.570   34.340   930.9   46.620   0.910   1013.0   1.6153   0.3122
148   0.06250   -77.630   34.435   934.6   48.095   0.905   1013.0   1.2025   0.3078
149   0.08333   -77.690   34.530   938.3   49.570   0.900   1013.0   0.7328   0.3007
150   0.10417   -77.760   34.635   942.7   51.250   0.900   1013.0   0.3832   0.2867
151   0.12500   -77.830   34.740   947.0   52.930   0.900   1013.0   0.2054   0.2625
152   0.14583   -77.895   34.840   950.9   54.365   0.895   1013.0   0.0895   0.2297
153   0.16667   -77.960   34.940   954.7   55.800   0.890   1013.0   -0.0410   0.1941
154   0.18750   -78.025   35.045   958.1   57.040   0.890   1013.0   -0.1697   0.1615
155   0.20833   -78.090   35.150   961.5   58.280   0.890   1013.0   -0.2678   0.1335
156   0.22917   -78.160   35.255   964.5   59.345   0.885   1013.0   -0.2614   0.1100
157   0.25000   -78.230   35.360   967.5   60.410   0.880   1013.0   -0.1606   0.0857
158   0.27083   -78.300   35.465   970.2   61.335   0.880   1013.0   -0.0226   0.0624
159   0.29167   -78.370   35.570   972.8   62.260   0.880   1013.0   0.0983   0.0291
160   0.31250   -78.440   35.680   975.2   63.080   0.875   1013.0   0.1634   0.0070
161   0.33333   -78.510   35.790   977.5   63.900   0.870   1013.0   0.1239   -0.0099
162   0.35417   -78.580   35.900   979.6   64.625   0.870   1013.0   0.0000   -0.0246
163   0.37500   -78.650   36.010   981.7   65.350   0.870   1013.0   -0.1446   -0.0346
164   0.39583   -78.720   36.125   983.5   66.015   0.865   1013.0   -0.2607   -0.0430
165   0.41667   -78.790   36.240   985.3   66.680   0.860   1013.0   -0.3131   -0.0559
166   0.43750   -78.865   36.350   987.0   67.280   0.860   1013.0   -0.2960   -0.0667
167   0.45833   -78.940   36.460   988.6   67.880   0.860   1013.0   -0.2395   -0.0756
168   0.47917   -79.020   36.575   990.0   68.445   0.855   1013.0   -0.1717   -0.0855
169   0.50000   -79.100   36.690   991.4   69.010   0.850   1013.0   -0.1085   -0.0950
170   0.52083   -79.180   36.805   992.7   69.535   0.845   1013.0   -0.0570   -0.1013
171   0.54167   -79.260   36.920   993.9   70.060   0.840   1013.0   -0.0308   -0.1027
172   0.56250   -79.340   37.035   995.1   70.565   0.840   1013.0   -0.0250   -0.1013
173   0.58333   -79.420   37.150   996.2   71.070   0.840   1013.0   -0.0253   -0.0968
174   0.60417   -79.505   37.270   997.2   71.565   0.835   1013.0   -0.0368   -0.0892
175   0.62500   -79.590   37.390   998.1   72.060   0.830   1013.0   -0.0694   -0.0848
176   0.64583   -79.670   37.510   999.0   72.545   0.830   1013.0   -0.1163   -0.0833
177   0.66667   -79.750   37.630   999.9   73.030   0.830   1013.0   -0.1581   -0.0851
178   0.68750   -79.835   37.750   1000.6   73.520   0.825   1013.0   -0.1698   -0.0870
179   0.70833   -79.920   37.870   1001.4   74.010   0.820   1013.0   -0.1388   -0.0862
180   0.72917   -80.010   38.000   1002.1   74.505   0.820   1013.0   -0.0830   -0.0831
181   0.75000   -80.100   38.130   1002.8   75.000   0.820   1013.0   -0.0240   -0.0771
182   0.77083   -80.185   38.255   1003.4   75.500   0.815   1013.0   0.0277   -0.0719
183   0.79167   -80.270   38.380   1003.9   76.000   0.810   1013.0   0.0587   -0.0687
184   0.81250   -80.360   38.510   1004.5   76.495   0.810   1013.0   0.0576   -0.0682
185   0.83333   -80.360   38.510   1004.5   76.495   0.810   1013.0   0.0576   -0.0682
186   0.85417   -80.360   38.510   1004.5   76.495   0.810   1013.0   0.0576   -0.0682
187   0.87500   -80.360   38.510   1004.5   76.495   0.810   1013.0   0.0576   -0.0682
188   0.89583   -80.360   38.510   1004.5   76.495   0.810   1013.0   0.0576   -0.0682
189   0.91667   -80.360   38.510   1004.5   76.495   0.810   1013.0   0.0576   -0.0682
190   0.93750   -80.360   38.510   1004.5   76.495   0.810   1013.0   0.0576   -0.0682
191   0.95833   -80.360   38.510   1004.5   76.495   0.810   1013.0   0.0576   -0.0682
192   0.97917   -80.360   38.510   1004.5   76.495   0.810   1013.0   0.0576   -0.0682
193   1.00000   -80.360   38.510   1004.5   76.495   0.810   1013.0   0.0576   -0.0682
